Frequency,Magnitude
1.000000000000000056e-01,3.937438305554718924e-04
1.006938631476027579e-01,3.992268301517568822e-04
1.013925407558815134e-01,4.047861815237887000e-04
1.020960662306046735e-01,4.104229478713980386e-04
1.028044732093309210e-01,4.161382071893934961e-04
1.035177955630176283e-01,4.219330524892012319e-04
1.042360673976401725e-01,4.278085920031430211e-04
1.049593230558227425e-01,4.337659493906396361e-04
1.056875971184804280e-01,4.398062639617655823e-04
1.064209244064724114e-01,4.459306908815146306e-04
1.071593399822671072e-01,4.521404014145599757e-04
1.079028791516184194e-01,4.584365831295097397e-04
1.086515774652538069e-01,4.648204401166575401e-04
1.094054707205742716e-01,4.712931932520133659e-04
1.101645949633656418e-01,4.778560804073296933e-04
1.109289864895222771e-01,4.845103566794076427e-04
1.116986818467823189e-01,4.912572946579683159e-04
1.124737178364751677e-01,4.980981846356628655e-04
1.132541315152811728e-01,5.050343348894316322e-04
1.140399601970032845e-01,5.120670718962879158e-04
1.148312414543511129e-01,5.191977406165937652e-04
1.156280131207376022e-01,5.264277047271882738e-04
1.164303132920876532e-01,5.337583469027211295e-04
1.172381803286598884e-01,5.411910690661250007e-04
1.180516528568805179e-01,5.487272926622215443e-04
1.188707697711903349e-01,5.563684589216786637e-04
1.196955702359043389e-01,5.641160291558170066e-04
1.205260936870842653e-01,5.719714850109090419e-04
1.213623798344240778e-01,5.799363287745414172e-04
1.222044686631488380e-01,5.880120836453273797e-04
1.230524004359261625e-01,5.962002940296095427e-04
1.239062156947916271e-01,6.045025258458695946e-04
1.247659552630869806e-01,6.129203668117714750e-04
1.256316602474120414e-01,6.214554267524101351e-04
1.265033720395903616e-01,6.301093379046942503e-04
1.273811323186478384e-01,6.388837552410042047e-04
1.282649830528060642e-01,6.477803567735551790e-04
1.291549665014883885e-01,6.568008438799650657e-04
1.300511252173408849e-01,6.659469416191681054e-04
1.309535020482667234e-01,6.752203990878181614e-04
1.318621401394748371e-01,6.846229897188249808e-04
1.327770829355429671e-01,6.941565116473775955e-04
1.336983741824946670e-01,7.038227880461001614e-04
1.346260579298909910e-01,7.136236674659818258e-04
1.355601785329368647e-01,7.235610242062208560e-04
1.365007806546013891e-01,7.336367586570597754e-04
1.374479092677537428e-01,7.438527976734618215e-04
1.384016096573131571e-01,7.542110949391317171e-04
1.393619274224142390e-01,7.647136313305245153e-04
1.403289084785872831e-01,7.753624153194095406e-04
1.413025990599533765e-01,7.861594833387783223e-04
1.422830457214352695e-01,7.971069001699523666e-04
1.432702953409830948e-01,8.082067593470315496e-04
1.442643951218157694e-01,8.194611835555415955e-04
1.452653925946780777e-01,8.308723250407092694e-04
1.462733356201129931e-01,8.424423660041479916e-04
1.472882723907502633e-01,8.541735190333134622e-04
1.483102514336104294e-01,8.660680275347967111e-04
1.493393216124252187e-01,8.781281661367460085e-04
1.503755321299738157e-01,8.903562411433368776e-04
1.514189325304352018e-01,9.027545909699410303e-04
1.524695727017573721e-01,9.153255865956301789e-04
1.535275028780422601e-01,9.280716320060190642e-04
1.545927736419477616e-01,9.409951646573010576e-04
1.556654359271061605e-01,9.540986559460470570e-04
1.567455410205594868e-01,9.673846116809132296e-04
1.578331405652117214e-01,9.808555725504674184e-04
1.589282865622977936e-01,9.945141146334207562e-04
1.600310313738700918e-01,1.008362849858695631e-03
1.611414277253019334e-01,1.022404426532963657e-03
1.622595287078087423e-01,1.036641529833449722e-03
1.633853877809861299e-01,1.051076882316135698e-03
1.645190587753662392e-01,1.065713244456722910e-03
1.656605958949914359e-01,1.080553415151069493e-03
1.668100537200058742e-01,1.095600232275383131e-03
1.679674872092653537e-01,1.110856573209743252e-03
1.691329517029648011e-01,1.126325355402092374e-03
1.703065029252844309e-01,1.142009536912912387e-03
1.714881969870540035e-01,1.157912116990726442e-03
1.726780903884355400e-01,1.174036136647565922e-03
1.738762400216250781e-01,1.190384679222837323e-03
1.750827031735724126e-01,1.206960870997292497e-03
1.762975375287205715e-01,1.223767881772254342e-03
1.775208011717634982e-01,1.240808925473874981e-03
1.787525525904234969e-01,1.258087260790141833e-03
1.799928506782476900e-01,1.275606191767347970e-03
1.812417547374236826e-01,1.293369068452807601e-03
1.824993244816152382e-01,1.311379287541386421e-03
1.837656200388171346e-01,1.329640293012352217e-03
1.850407019542301690e-01,1.348155576798962512e-03
1.863246311931560373e-01,1.366928679442586505e-03
1.876174691439120579e-01,1.385963190789201533e-03
1.889192776207666291e-01,1.405262750649211414e-03
1.902301188668944765e-01,1.424831049520848677e-03
1.915500555573527997e-01,1.444671829274964472e-03
1.928791508020778200e-01,1.464788883878336261e-03
1.942174681489025334e-01,1.485186060120779116e-03
1.955650715865949185e-01,1.505867258340279433e-03
1.969220255479172399e-01,1.526836433186639719e-03
1.982883949127071388e-01,1.548097594360000901e-03
1.996642450109794020e-01,1.569654807384018120e-03
2.010496416260497965e-01,1.591512194380905040e-03
2.024446509976803865e-01,1.613673934863775515e-03
2.038493398252463062e-01,1.636144266525064138e-03
2.052637752709252084e-01,1.658927486057668434e-03
2.066880249629082511e-01,1.682027949981807196e-03
2.081221569986338171e-01,1.705450075450603079e-03
2.095662399480432980e-01,1.729198341123085224e-03
2.110203428568595552e-01,1.753277288002413935e-03
2.124845352498882789e-01,1.777691520310668329e-03
2.139588871343422183e-01,1.802445706365487545e-03
2.154434690031883370e-01,1.827544579483631826e-03
2.169383518385184229e-01,1.852992938859397481e-03
2.184436071149427339e-01,1.878795650512366574e-03
2.199593068030074872e-01,1.904957648194581434e-03
2.214855233726359951e-01,1.931483934353551458e-03
2.230223297965937546e-01,1.958379581052751596e-03
2.245697995539774061e-01,1.985649730994224708e-03
2.261280066337278405e-01,2.013299598444681475e-03
2.276970255381680075e-01,2.041334470277197076e-03
2.292769312865649278e-01,2.069759706953034316e-03
2.308677994187168514e-01,2.098580743555427362e-03
2.324697059985647851e-01,2.127803090834829835e-03
2.340827276178293059e-01,2.157432336242490374e-03
2.357069413996727703e-01,2.187474145027542942e-03
2.373424250023866700e-01,2.217934261283856495e-03
2.389892566231049675e-01,2.248818509081603779e-03
2.406475150015424114e-01,2.280132793558221557e-03
2.423172794237599403e-01,2.311883102042028293e-03
2.439986297259550130e-01,2.344075505223915806e-03
2.456916462982790816e-01,2.376716158292278662e-03
2.473964100886813511e-01,2.409811302114084168e-03
2.491130026067788494e-01,2.443367264429304516e-03
2.508415059277540049e-01,2.477390461064484656e-03
2.525820026962784515e-01,2.511887397151956261e-03
2.543345761304649510e-01,2.546864668370104733e-03
2.560993100258458499e-01,2.582328962212409630e-03
2.578762887593800679e-01,2.618287059256323331e-03
2.596655972934870937e-01,2.654745834468627465e-03
2.614673211801092356e-01,2.691712258495192016e-03
2.632815465648021269e-01,2.729193399029618359e-03
2.651083601908538201e-01,2.767196422135429022e-03
2.669478494034320804e-01,2.805728593616282386e-03
2.688001021537606006e-01,2.844797280411062029e-03
2.706652070033241375e-01,2.884409952009988742e-03
2.725432531281029025e-01,2.924574181855102255e-03
2.744343303228364839e-01,2.965297648811890483e-03
2.763385290053169685e-01,3.006588138627202741e-03
2.782559402207124277e-01,3.048453545408164392e-03
2.801866556459195468e-01,3.090901873145216784e-03
2.821307675939472293e-01,3.133941237221430330e-03
2.840883690183303445e-01,3.177579865985213046e-03
2.860595535175741722e-01,3.221826102295786975e-03
2.880444153396296558e-01,3.266688405147466154e-03
2.900430493863991877e-01,3.312175351249341780e-03
2.920555512182746449e-01,3.358295636691461996e-03
2.940820170587062909e-01,3.405058078597250973e-03
2.961225437988034281e-01,3.452471616791079074e-03
2.981772290019671923e-01,3.500545315529171239e-03
3.002461709085549324e-01,3.549288365228296660e-03
3.023294684405777866e-01,3.598710084192235838e-03
3.044272212064301764e-01,3.648819920424694122e-03
3.065395295056526637e-01,3.699627453414909822e-03
3.086664943337272815e-01,3.751142395974996126e-03
3.108082173869063936e-01,3.803374596080797993e-03
3.129648010670751934e-01,3.856334038768323078e-03
3.151363484866478437e-01,3.910030848035597577e-03
3.173229634734976989e-01,3.964475288761517592e-03
3.195247505759211681e-01,4.019677768687942437e-03
3.217418150676371602e-01,4.075648840382127026e-03
3.239742629528197249e-01,4.132399203279736068e-03
3.262222009711668869e-01,4.189939705692744855e-03
3.284857366030044523e-01,4.248281346913321439e-03
3.307649780744240653e-01,4.307435279286433473e-03
3.330600343624588455e-01,4.367412810357200817e-03
3.353710152002930545e-01,4.428225405021650810e-03
3.376980310825090648e-01,4.489884687704000059e-03
3.400411932703706896e-01,4.552402444602855064e-03
3.424006137971423724e-01,4.615790625913796311e-03
3.447764054734464012e-01,4.680061348113132187e-03
3.471686818926561502e-01,4.745226896287414904e-03
3.495775574363274574e-01,4.811299726458555422e-03
3.520031472796679717e-01,4.878292467979721166e-03
3.544455673970434706e-01,4.946217925917179015e-03
3.569049345675229801e-01,5.015089083518294195e-03
3.593813663804627523e-01,5.084919104686653687e-03
3.618749812411279354e-01,5.155721336475849181e-03
3.643858983763545445e-01,5.227509311652028812e-03
3.669142378402492910e-01,5.300296751275072014e-03
3.694601205199302685e-01,5.374097567304161535e-03
3.720236681413067736e-01,5.448925865258577757e-03
3.746050032748992065e-01,5.524795946918252022e-03
3.772042493416998266e-01,5.601722313029399228e-03
3.798215306190735330e-01,5.679719666096132852e-03
3.824569722466998889e-01,5.758802913159758244e-03
3.851107002325570572e-01,5.838987168660159967e-03
3.877828414589456485e-01,5.920287757309874305e-03
3.904735236885560901e-01,6.002720217019376879e-03
3.931828755705769063e-01,6.086300301856209516e-03
3.959110266468458539e-01,6.171043985057193121e-03
3.986581073580440782e-01,6.256967462060954166e-03
4.014242490499320692e-01,6.344087153616602068e-03
4.042095839796306933e-01,6.432419708885687981e-03
4.070142453219438017e-01,6.521982008649177681e-03
4.098383671757261371e-01,6.612791168494155936e-03
4.126820845702953711e-01,6.704864542101627092e-03
4.155455334718875515e-01,6.798219724540978740e-03
4.184288507901581244e-01,6.892874555625010634e-03
4.213321743847288081e-01,6.988847123319740125e-03
4.242556430717777105e-01,7.086155767178098190e-03
4.271993966306779078e-01,7.184819081847601020e-03
4.301635758106794882e-01,7.284855920601860171e-03
4.331483223376399461e-01,7.386285398953688040e-03
4.361537789208004834e-01,7.489126898266938726e-03
4.391800892596086081e-01,7.593400069478765772e-03
4.422273980505899149e-01,7.699124836832104378e-03
4.452958509942655518e-01,7.806321401666476735e-03
4.483855948021187587e-01,7.915010246272871988e-03
4.514967772036100890e-01,8.025212137804970877e-03
4.546295469532399269e-01,8.136948132213887158e-03
4.577840538376618529e-01,8.250239578273831087e-03
4.609604486828433600e-01,8.365108121648581405e-03
4.641588833612778631e-01,8.481575709006365649e-03
4.673795107992462228e-01,8.599664592210159303e-03
4.706224849841281754e-01,8.719397332538949760e-03
4.738879609717653318e-01,8.840796805011279583e-03
4.771760948938745805e-01,8.963886202708866088e-03
4.804870439655130054e-01,9.088689041215843728e-03
4.838209664925955944e-01,9.215229163084962330e-03
4.871780218794632411e-01,9.343530742384633866e-03
4.905583706365048147e-01,9.473618289288211064e-03
4.939621743878320759e-01,9.605516654759433878e-03
4.973895958790063854e-01,9.739251035258777653e-03
5.008407989848211450e-01,9.874846977555482366e-03
5.043159487171360311e-01,1.001233038359120552e-02
5.078152112327672940e-01,1.015172751539140591e-02
5.113387538414325695e-01,1.029306500008408433e-02
5.148867450137493140e-01,1.043636983495264264e-02
5.184593543892911383e-01,1.058166939257094118e-02
5.220567527846976530e-01,1.072899142602428725e-02
5.256791122018421580e-01,1.087836407417783549e-02
5.293266058360561743e-01,1.102981586702114075e-02
5.329994080844089321e-01,1.118337573112350436e-02
5.366976945540474775e-01,1.133907299510177741e-02
5.404216420705916235e-01,1.149693739521417436e-02
5.441714286865890760e-01,1.165699908101838767e-02
5.479472336900287344e-01,1.181928862109007071e-02
5.517492376129126130e-01,1.198383700885162495e-02
5.555776222398876030e-01,1.215067566844580185e-02
5.594325706169378520e-01,1.231983646072710298e-02
5.633142670601354318e-01,1.249135168929972270e-02
5.672228971644543982e-01,1.266525410667310517e-02
5.711586478126432498e-01,1.284157692046959329e-02
5.751217071841612238e-01,1.302035379974949246e-02
5.791122647641759880e-01,1.320161888139763200e-02
5.831305113526221717e-01,1.338540677661171317e-02
5.871766390733255125e-01,1.357175257747888358e-02
5.912508413831878418e-01,1.376069186363460158e-02
5.953533130814369079e-01,1.395226070903066683e-02
5.994842503189410365e-01,1.414649568877180547e-02
6.036438506075867405e-01,1.434343388607272826e-02
6.078323128297229427e-01,1.454311289928731862e-02
6.120498372476699256e-01,1.474557084905609057e-02
6.162966255132941162e-01,1.495084638553707476e-02
6.205728806776501516e-01,1.515897869573540162e-02
6.248788072006891126e-01,1.537000751095453539e-02
6.292146109610343707e-01,1.558397311431703076e-02
6.335804992658250478e-01,1.580091634842778481e-02
6.379766808606280870e-01,1.602087862309495639e-02
6.424033659394192686e-01,1.624390192321229637e-02
6.468607661546326160e-01,1.647002881670264762e-02
6.513490946272803006e-01,1.669930246259556869e-02
6.558685659571431570e-01,1.693176661921388243e-02
6.604193962330303647e-01,1.716746565246317011e-02
6.650018030431119609e-01,1.740644454423754747e-02
6.696160054853220744e-01,1.764874890096260543e-02
6.742622241778342129e-01,1.789442496222728995e-02
6.789406812696109350e-01,1.814351960952944806e-02
6.836516004510236888e-01,1.839608037518303263e-02
6.883952069645498106e-01,1.865215545130195079e-02
6.931717276155405782e-01,1.891179369894705614e-02
6.979813907830659803e-01,1.917504465734740093e-02
7.028244264308348699e-01,1.944195855331687026e-02
7.077010661181887263e-01,1.971258631073304415e-02
7.126115430111746862e-01,1.998697956018206587e-02
7.175560918936926269e-01,2.026519064874609741e-02
7.225349491787214085e-01,2.054727264987918356e-02
7.275483529196228316e-01,2.083327937347140280e-02
7.325965428215229780e-01,2.112326537601438153e-02
7.376797602527732645e-01,2.141728597091977285e-02
7.427982482564916555e-01,2.171539723898477381e-02
7.479522515621821466e-01,2.201765603898111351e-02
7.531420165974371805e-01,2.232412001840967941e-02
7.583677914997191127e-01,2.263484762440494055e-02
7.636298261282243871e-01,2.294989811474851260e-02
7.689283720758310903e-01,2.326933156908959216e-02
7.742636826811269968e-01,2.359320890028344594e-02
7.796360130405233235e-01,2.392159186588987962e-02
7.850456200204509738e-01,2.425454307983901034e-02
7.904927622696422684e-01,2.459212602423901939e-02
7.959777002314983863e-01,2.493440506135805729e-02
8.015006961565405152e-01,2.528144544578773273e-02
8.070620141149503768e-01,2.563331333671841489e-02
8.126619200091945716e-01,2.599007581044331799e-02
8.183006815867391870e-01,2.635180087298319429e-02
8.239785684528517784e-01,2.671855747292537983e-02
8.296958520834906148e-01,2.709041551440949380e-02
8.354528058382867384e-01,2.746744587029581811e-02
8.412497049736118448e-01,2.784972039551005321e-02
8.470868266557404214e-01,2.823731194059093258e-02
8.529644499741022567e-01,2.863029436538438652e-02
8.588828559546252128e-01,2.902874255297596684e-02
8.648423275731722537e-01,2.943273242374378623e-02
8.708431497690723999e-01,2.984234094967554846e-02
8.768856094587428318e-01,3.025764616882026595e-02
8.829699955494089147e-01,3.067872719997790168e-02
8.890965989529160396e-01,3.110566425756292747e-02
8.952657125996396070e-01,3.153853866667564315e-02
9.014776314524917122e-01,3.197743287838463594e-02
9.077326525210226427e-01,3.242243048521566140e-02
9.140310748756229620e-01,3.287361623684064565e-02
9.203731996618222944e-01,3.333107605597764034e-02
9.267593301146878071e-01,3.379489705452966286e-02
9.331897715733238341e-01,3.426516754990809738e-02
9.396648314954693104e-01,3.474197708160889353e-02
9.461848194721999006e-01,3.522541642797939743e-02
9.527500472427292699e-01,3.571557762324793772e-02
9.593608287093141618e-01,3.621255397474813786e-02
9.660174799522646127e-01,3.671644008040245849e-02
9.727203192450539770e-01,3.722733184642939425e-02
9.794696670695393070e-01,3.774532650527546301e-02
9.862658461312823199e-01,3.827052263383053099e-02
9.931091813749796104e-01,3.880302017183528962e-02
1.000000000000000000e+00,3.934292044057211002e-02
1.006938631476027579e+00,3.989032616179972318e-02
1.013925407558815328e+00,4.044534147692706305e-02
1.020960662306046540e+00,4.100807196646918951e-02
1.028044732093309266e+00,4.157862466974784899e-02
1.035177955630176339e+00,4.215710810483733195e-02
1.042360673976401753e+00,4.274363228883333587e-02
1.049593230558227619e+00,4.333830875833408897e-02
1.056875971184803920e+00,4.394125059022283009e-02
1.064209244064724169e+00,4.455257242271963569e-02
1.071593399822671211e+00,4.517239047673777402e-02
1.079028791516184249e+00,4.580082257747992297e-02
1.086515774652538457e+00,4.643798817636310416e-02
1.094054707205742494e+00,4.708400837320761423e-02
1.101645949633656363e+00,4.773900593874411125e-02
1.109289864895222744e+00,4.840310533740289911e-02
1.116986818467823106e+00,4.907643275040497050e-02
1.124737178364751955e+00,4.975911609917431366e-02
1.132541315152811423e+00,5.045128506904120180e-02
1.140399601970032428e+00,5.115307113327496880e-02
1.148312414543511073e+00,5.186460757742165223e-02
1.156280131207376050e+00,5.258602952398114261e-02
1.164303132920876838e+00,5.331747395737994333e-02
1.172381803286598467e+00,5.405907974929701626e-02
1.180516528568804846e+00,5.481098768432944579e-02
1.188707697711903322e+00,5.557334048595559406e-02
1.196955702359043361e+00,5.634628284289165678e-02
1.205260936870842681e+00,5.712996143574741031e-02
1.213623798344240612e+00,5.792452496406154394e-02
1.222044686631488020e+00,5.873012417367801108e-02
1.230524004359261570e+00,5.954691188448221068e-02
1.239062156947916327e+00,6.037504301848319738e-02
1.247659552630869806e+00,6.121467462830468276e-02
1.256316602474120803e+00,6.206596592599067375e-02
1.265033720395903227e+00,6.292907831223586157e-02
1.273811323186478495e+00,6.380417540594676695e-02
1.282649830528060475e+00,6.469142307423209060e-02
1.291549665014884107e+00,6.559098946274705133e-02
1.300511252173409238e+00,6.650304502644638349e-02
1.309535020482667012e+00,6.742776256071804364e-02
1.318621401394748593e+00,6.836531723294667073e-02
1.327770829355429782e+00,6.931588661443663368e-02
1.336983741824946614e+00,7.027965071279491938e-02
1.346260579298910409e+00,7.125679200468275354e-02
1.355601785329368258e+00,7.224749546902253794e-02
1.365007806546013835e+00,7.325194862059371259e-02
1.374479092677537428e+00,7.427034154409620226e-02
1.384016096573131627e+00,7.530286692859967934e-02
1.393619274224142668e+00,7.634972010245906493e-02
1.403289084785872332e+00,7.741109906866569523e-02
1.413025990599533710e+00,7.848720454064581076e-02
1.422830457214352640e+00,7.957823997850596576e-02
1.432702953409831004e+00,8.068441162571589331e-02
1.442643951218158138e+00,8.180592854629138710e-02
1.452653925946780555e+00,8.294300266240023367e-02
1.462733356201129986e+00,8.409584879245393663e-02
1.472882723907502633e+00,8.526468468968226300e-02
1.483102514336104516e+00,8.644973108115786009e-02
1.493393216124252687e+00,8.765121170734205269e-02
1.503755321299737657e+00,8.886935336207074654e-02
1.514189325304351907e+00,9.010438593306918653e-02
1.524695727017573832e+00,9.135654244294237614e-02
1.535275028780422657e+00,9.262605909067229970e-02
1.545927736419477672e+00,9.391317529362978866e-02
1.556654359271061328e+00,9.521813373005359737e-02
1.567455410205595090e+00,9.654118038211484398e-02
1.578331405652117381e+00,9.788256457941399424e-02
1.589282865622978047e+00,9.924253904307625551e-02
1.600310313738700918e+00,1.006213599303206058e-01
1.611414277253019112e+00,1.020192868795877922e-01
1.622595287078087090e+00,1.034365830561692623e-01
1.633853877809861244e+00,1.048735151984351299e-01
1.645190587753662559e+00,1.063303536645340552e-01
1.656605958949914470e+00,1.078073724796802524e-01
1.668100537200059241e+00,1.093048493839912649e-01
1.679674872092653093e+00,1.108230658808523617e-01
1.691329517029647844e+00,1.123623072858700722e-01
1.703065029252844420e+00,1.139228627763593515e-01
1.714881969870539979e+00,1.155050254414212441e-01
1.726780903884356011e+00,1.171090923325454614e-01
1.738762400216250503e+00,1.187353645148472164e-01
1.750827031735724182e+00,1.203841471188100837e-01
1.762975375287205715e+00,1.220557493926433673e-01
1.775208011717635204e+00,1.237504847552299697e-01
1.787525525904235524e+00,1.254686708495922065e-01
1.799928506782476401e+00,1.272106295970390766e-01
1.812417547374236770e+00,1.289766872517986718e-01
1.824993244816152327e+00,1.307671744563040916e-01
1.837656200388171568e+00,1.325824262970425604e-01
1.850407019542302134e+00,1.344227823610046890e-01
1.863246311931559873e+00,1.362885867927185746e-01
1.876174691439120412e+00,1.381801883518751495e-01
1.889192776207666347e+00,1.400979404715531895e-01
1.902301188668944709e+00,1.420422013170403730e-01
1.915500555573527830e+00,1.440133338452303513e-01
1.928791508020777812e+00,1.460117058646360211e-01
1.942174681489025501e+00,1.480376900959707587e-01
1.955650715865949074e+00,1.500916642333595674e-01
1.969220255479172454e+00,1.521740110060931239e-01
1.982883949127071332e+00,1.542851182409960553e-01
1.996642450109793465e+00,1.564253789253912397e-01
2.010496416260497909e+00,1.585951912706209943e-01
2.024446509976803643e+00,1.607949587761708932e-01
2.038493398252463340e+00,1.630250902943579661e-01
2.052637752709252084e+00,1.652860000955925779e-01
2.066880249629082122e+00,1.675781079342158753e-01
2.081221569986338338e+00,1.699018391148956753e-01
2.095662399480433091e+00,1.722576245595685007e-01
2.110203428568595552e+00,1.746459008749544350e-01
2.124845352498883067e+00,1.770671104205869817e-01
2.139588871343421683e+00,1.795217013773971471e-01
2.154434690031883370e+00,1.820101278168207437e-01
2.169383518385184395e+00,1.845328497704221693e-01
2.184436071149427505e+00,1.870903333000085711e-01
2.199593068030074594e+00,1.896830505682680634e-01
2.214855233726359174e+00,1.923114799098599725e-01
2.230223297965937324e+00,1.949761059030026278e-01
2.245697995539774006e+00,1.976774194414893659e-01
2.261280066337278516e+00,2.004159178071800440e-01
2.276970255381680186e+00,2.031921047428702776e-01
2.292769312865650111e+00,2.060064905256170364e-01
2.308677994187168458e+00,2.088595920404187900e-01
2.324697059985648018e+00,2.117519328542716572e-01
2.340827276178293115e+00,2.146840432905811058e-01
2.357069413996727647e+00,2.176564605038885658e-01
2.373424250023867366e+00,2.206697285549101273e-01
2.389892566231048843e+00,2.237243984858312829e-01
2.406475150015424003e+00,2.268210283958696782e-01
2.423172794237599348e+00,2.299601835170438924e-01
2.439986297259550074e+00,2.331424362901324543e-01
2.456916462982791316e+00,2.363683664407880691e-01
2.473964100886812734e+00,2.396385610557713874e-01
2.491130026067788439e+00,2.429536146592793378e-01
2.508415059277540049e+00,2.463141292892977174e-01
2.525820026962784848e+00,2.497207145739777367e-01
2.543345761304649510e+00,2.531739878079633521e-01
2.560993100258458277e+00,2.566745740286378030e-01
2.578762887593800901e+00,2.602231060922191030e-01
2.596655972934871048e+00,2.638202247497183905e-01
2.614673211801092023e+00,2.674665787225858904e-01
2.632815465648021380e+00,2.711628247781338596e-01
2.651083601908537535e+00,2.749096278045607966e-01
2.669478494034320804e+00,2.787076608855599269e-01
2.688001021537606228e+00,2.825576053744638938e-01
2.706652070033241486e+00,2.864601509677995872e-01
2.725432531281029025e+00,2.904159957782475598e-01
2.744343303228363951e+00,2.944258464068697512e-01
2.763385290053169907e+00,2.984904180145423469e-01
2.782559402207124499e+00,3.026104343925318796e-01
2.801866556459195134e+00,3.067866280320864503e-01
2.821307675939472404e+00,3.110197401929571392e-01
2.840883690183302779e+00,3.153105209707845469e-01
2.860595535175741944e+00,3.196597293631702752e-01
2.880444153396296336e+00,3.240681333343954362e-01
2.900430493863991543e+00,3.285365098786338089e-01
2.920555512182746671e+00,3.330656450815298042e-01
2.940820170587062243e+00,3.376563341800389306e-01
2.961225437988034503e+00,3.423093816203659490e-01
2.981772290019671701e+00,3.470256011138798113e-01
3.002461709085549213e+00,3.518058156908364653e-01
3.023294684405777755e+00,3.566508577517796819e-01
3.044272212064302874e+00,3.615615691164020262e-01
3.065395295056526859e+00,3.665388010697738785e-01
3.086664943337273037e+00,3.715834144056714972e-01
3.108082173869064047e+00,3.766962794668687331e-01
3.129648010670751823e+00,3.818782761821490901e-01
3.151363484866479325e+00,3.871302940998976871e-01
3.173229634734976212e+00,3.924532324179683673e-01
3.195247505759212014e+00,3.978480000096333846e-01
3.217418150676371713e+00,4.033155154453764712e-01
3.239742629528197249e+00,4.088567070102586132e-01
3.262222009711670090e+00,4.144725127166032919e-01
3.284857366030043746e+00,4.201638803116979348e-01
3.307649780744240875e+00,4.259317672802286348e-01
3.330600343624588788e+00,4.317771408411393841e-01
3.353710152002930656e+00,4.377009779385879762e-01
3.376980310825091536e+00,4.437042652266523501e-01
3.400411932703705897e+00,4.497879990474389356e-01
3.424006137971423946e+00,4.559531854021864894e-01
3.447764054734464345e+00,4.622008399150435709e-01
3.471686818926561280e+00,4.685319877890082862e-01
3.495775574363275240e+00,4.749476637536736434e-01
3.520031472796679051e+00,4.814489120042930170e-01
3.544455673970433818e+00,4.880367861316919909e-01
3.569049345675229468e+00,4.947123490425367476e-01
3.593813663804627634e+00,5.014766728693973441e-01
3.618749812411280242e+00,5.083308388701244240e-01
3.643858983763544224e+00,5.152759373159053746e-01
3.669142378402491911e+00,5.223130673673990199e-01
3.694601205199302463e+00,5.294433369383606536e-01
3.720236681413067625e+00,5.366678625460408192e-01
3.746050032748993175e+00,5.439877691477031929e-01
3.772042493416997377e+00,5.514041899624849696e-01
3.798215306190734442e+00,5.589182662779015320e-01
3.824569722466999000e+00,5.665311472401119985e-01
3.851107002325570683e+00,5.742439896271711586e-01
3.877828414589457484e+00,5.820579576043631853e-01
3.904735236885560123e+00,5.899742224606767671e-01
3.931828755705768064e+00,5.979939623254894032e-01
3.959110266468458761e+00,6.061183618643755100e-01
3.986581073580441004e+00,6.143486119530985334e-01
4.014242490499322358e+00,6.226859093285174174e-01
4.042095839796307821e+00,6.311314562153549357e-01
4.070142453219436796e+00,6.396864599275681185e-01
4.098383671757261482e+00,6.483521324429958321e-01
4.126820845702954266e+00,6.571296899500012056e-01
4.155455334718875626e+00,6.660203523646617274e-01
4.184288507901582577e+00,6.750253428170133185e-01
4.213321743847286527e+00,6.841458871048469170e-01
4.242556430717777438e+00,6.933832131133781385e-01
4.271993966306778745e+00,7.027385501991370020e-01
4.301635758106795215e+00,7.122131285362559572e-01
4.331483223376400460e+00,7.218081784233126852e-01
4.361537789208003169e+00,7.315249295487429304e-01
4.391800892596085859e+00,7.413646102128248483e-01
4.422273980505899260e+00,7.513284465039959947e-01
4.452958509942654963e+00,7.614176614273713284e-01
4.483855948021188809e+00,7.716334739829626699e-01
4.514967772036099447e+00,7.819770981912796959e-01
4.546295469532399380e+00,7.924497420636003042e-01
4.577840538376618973e+00,8.030526065142566949e-01
4.609604486828433600e+00,8.137868842121307456e-01
4.641588833612779297e+00,8.246537583682991279e-01
4.673795107992461340e+00,8.356544014568236811e-01
4.706224849841281532e+00,8.467899738653381636e-01
4.738879609717653096e+00,8.580616224720909457e-01
4.771760948938745805e+00,8.694704791458449655e-01
4.804870439655131165e+00,8.810176591648998246e-01
4.838209664925955167e+00,8.927042595513684509e-01
4.871780218794630635e+00,9.045313573165647547e-01
4.905583706365048258e+00,9.165000076132934215e-01
4.939621743878320537e+00,9.286112417905334482e-01
4.973895958790064853e+00,9.408660653458477130e-01
5.008407989848209674e+00,9.532654557706758958e-01
5.043159487171358535e+00,9.658103602833444379e-01
5.078152112327673606e+00,9.785016934445296410e-01
5.113387538414325917e+00,9.913403346495563984e-01
5.148867450137495361e+00,1.004327125491748740e+00
5.184593543892910716e+00,1.017462866990749726e+00
5.220567527846974976e+00,1.030748316679482190e+00
5.256791122018421802e+00,1.044184185543125754e+00
5.293266058360561743e+00,1.057771134803248358e+00
5.329994080844090654e+00,1.071509772539898098e+00
5.366976945540476329e+00,1.085400650144137780e+00
5.404216420705915347e+00,1.099444258593266666e+00
5.441714286865890315e+00,1.113641024540594993e+00
5.479472336900286678e+00,1.127991306211323375e+00
5.517492376129125908e+00,1.142495389095719904e+00
5.555776222398877806e+00,1.157153481430511555e+00
5.594325706169377632e+00,1.171965709458966831e+00
5.633142670601354318e+00,1.186932112459812672e+00
5.672228971644543094e+00,1.202052637534810176e+00
5.711586478126432276e+00,1.217327134144372991e+00
5.751217071841614015e+00,1.232755348380252691e+00
5.791122647641758547e+00,1.248336916963991960e+00
5.831305113526221717e+00,1.264071360959345025e+00
5.871766390733255570e+00,1.279958079186622300e+00
5.912508413831877974e+00,1.295996341326415502e+00
5.953533130814370189e+00,1.312185280699840195e+00
5.994842503189408589e+00,1.328523886712079438e+00
6.036438506075866961e+00,1.345010996945591453e+00
6.078323128297229871e+00,1.361645288889008709e+00
6.120498372476699700e+00,1.378425271287497367e+00
6.162966255132942273e+00,1.395349275099904141e+00
6.205728806776500406e+00,1.412415444047811164e+00
6.248788072006891348e+00,1.429621724741365618e+00
6.292146109610343707e+00,1.446965856366438707e+00
6.335804992658251145e+00,1.464445359917589728e+00
6.379766808606282424e+00,1.482057526961076732e+00
6.424033659394190465e+00,1.499799407912153715e+00
6.468607661546323939e+00,1.517667799810777929e+00
6.513490946272802340e+00,1.535659233580003447e+00
6.558685659571431792e+00,1.553769960751416601e+00
6.604193962330305645e+00,1.571995939642167883e+00
6.650018030431118277e+00,1.590332820968586081e+00
6.696160054853218746e+00,1.608775932881701065e+00
6.742622241778342129e+00,1.627320265410669098e+00
6.789406812696109128e+00,1.645960454300807729e+00
6.836516004510238886e+00,1.664690764233816234e+00
6.883952069645496330e+00,1.683505071418931243e+00
6.931717276155404228e+00,1.702396845544944526e+00
6.979813907830660469e+00,1.721359131084587935e+00
7.028244264308349365e+00,1.740384527944621729e+00
7.077010661181889262e+00,1.759465171456845445e+00
7.126115430111745752e+00,1.778592711707720708e+00
7.175560918936924715e+00,1.797758292206884434e+00
7.225349491787214085e+00,1.816952527897871761e+00
7.275483529196228538e+00,1.836165482517775782e+00
7.325965428215230446e+00,1.855386645316342564e+00
7.376797602527734199e+00,1.874604907149308719e+00
7.427982482564914335e+00,1.893808535965500139e+00
7.479522515621821022e+00,1.912985151712481624e+00
7.531420165974371805e+00,1.932121700691338262e+00
7.583677914997190683e+00,1.951204429397609186e+00
7.636298261282245647e+00,1.970218857892321207e+00
7.689283720758309570e+00,1.989149752754807432e+00
7.742636826811269302e+00,2.007981099677315751e+00
7.796360130405233235e+00,2.026696075770455963e+00
7.850456200204509294e+00,2.045277021658337802e+00
7.904927622696424017e+00,2.063705413452829429e+00
7.959777002314981864e+00,2.081961834707660941e+00
8.015006961565404708e+00,2.100025948465248593e+00
8.070620141149502658e+00,2.117876469521972282e+00
8.126619200091946382e+00,2.135491137051398702e+00
8.183006815867393868e+00,2.152846687739285780e+00
8.239785684528515119e+00,2.169918829599441601e+00
8.296958520834905926e+00,2.186682216655343236e+00
8.354528058382866718e+00,2.203110424688772717e+00
8.412497049736117560e+00,2.219175928273907417e+00
8.470868266557406656e+00,2.234850079332428407e+00
8.529644499741021235e+00,2.250103087463108054e+00
8.588828559546250574e+00,2.264904002316967535e+00
8.648423275731722981e+00,2.279220698306910098e+00
8.708431497690723333e+00,2.293019861958093930e+00
8.768856094587430761e+00,2.306266982222272777e+00
8.829699955494087149e+00,2.318926344095300074e+00
8.890965989529158620e+00,2.330961025891930660e+00
8.952657125996395848e+00,2.342332900545444740e+00
9.014776314524917566e+00,2.353002641311025656e+00
9.077326525210228425e+00,2.362929732260933946e+00
9.140310748756228065e+00,2.372072483965907086e+00
9.203731996618220279e+00,2.380388054760019578e+00
9.267593301146877849e+00,2.387832477985611046e+00
9.331897715733239451e+00,2.394360695609513368e+00
9.396648314954695991e+00,2.399926598591885618e+00
9.461848194721996563e+00,2.404483074373250595e+00
9.527500472427290035e+00,2.407982061824046394e+00
9.593608287093141840e+00,2.410374613972855684e+00
9.660174799522645017e+00,2.411610968794755561e+00
9.727203192450541991e+00,2.411640628298938438e+00
9.794696670695396179e+00,2.410412446105036910e+00
9.862658461312820535e+00,2.407874723639879200e+00
9.931091813749794994e+00,2.403975315020915993e+00
1.000000000000000000e+01,2.398661740619058680e+00
1.006938631476027091e+01,2.391881309212650741e+00
1.013925407558815373e+01,2.383581248555956655e+00
1.020960662306046451e+01,2.373708844090561154e+00
1.028044732093309754e+01,2.362211585427251848e+00
1.035177955630176250e+01,2.349037320120413330e+00
1.042360673976401131e+01,2.334134414147682968e+00
1.049593230558227752e+01,2.317451918396473687e+00
1.056875971184804008e+01,2.298939740347382799e+00
1.064209244064724658e+01,2.278548820034267841e+00
1.071593399822671167e+01,2.256231309254494555e+00
1.079028791516183539e+01,2.231940752901776293e+00
1.086515774652538369e+01,2.205632271201490191e+00
1.094054707205742361e+01,2.177262741545786362e+00
1.101645949633656940e+01,2.146790978555793039e+00
1.109289864895222699e+01,2.114177910943397354e+00
1.116986818467822573e+01,2.079386753706346624e+00
1.124737178364751955e+01,2.042383174170987470e+00
1.132541315152811556e+01,2.003135450397025341e+00
1.140399601970033139e+01,1.961614620480263360e+00
1.148312414543511117e+01,1.917794621332775673e+00
1.156280131207375383e+01,1.871652415585344453e+00
1.164303132920876749e+01,1.823168105344683099e+00
1.172381803286598512e+01,1.772325031646521776e+00
1.180516528568805512e+01,1.719109858573927063e+00
1.188707697711903322e+01,1.663512641157045557e+00
1.196955702359042739e+01,1.605526876332372233e+00
1.205260936870842592e+01,1.545149536415202807e+00
1.213623798344240612e+01,1.482381084724172737e+00
1.222044686631488730e+01,1.417225473188548079e+00
1.230524004359261525e+01,1.349690121964452150e+00
1.239062156947915661e+01,1.279785881280306681e+00
1.247659552630869761e+01,1.207526975922776469e+00
1.256316602474120181e+01,1.132930932957187498e+00
1.265033720395903849e+01,1.056018493448457995e+00
1.273811323186478539e+01,9.768135091073542053e-01
1.282649830528059809e+01,8.953428249281064621e-01
1.291549665014884063e+01,8.116361490074139873e-01
1.300511252173408572e+01,7.257259108376769019e-01
1.309535020482667633e+01,6.376471094488325164e-01
1.318621401394748460e+01,5.474371528334728287e-01
1.327770829355429072e+01,4.551356901267183397e-01
1.336983741824946570e+01,3.607844380287696939e-01
1.346260579298909654e+01,2.644270029525302990e-01
1.355601785329368880e+01,1.661087003537921603e-01
1.365007806546013747e+01,6.587637265894724647e-02
1.374479092677536585e+01,-3.622179285477811900e-02
1.384016096573131627e+01,-1.401364449443124049e-01
1.393619274224142046e+01,-2.458172468545135048e-01
1.403289084785873087e+01,-3.532130512396040034e-01
1.413025990599533621e+01,-4.622720705529219654e-01
1.422830457214351974e+01,-5.729420420143791493e-01
1.432702953409831004e+01,-6.851703863746936296e-01
1.442643951218157383e+01,-7.989043598077921748e-01
1.452653925946781222e+01,-9.140911983735456880e-01
1.462733356201129808e+01,-1.030678254600865706e+00
1.472882723907501834e+01,-1.148613125846464689e+00
1.483102514336104427e+01,-1.267843774183090577e+00
1.493393216124251843e+01,-1.388318637664909705e+00
1.503755321299738412e+01,-1.509986732904086137e+00
1.514189325304351996e+01,-1.632797748971213103e+00
1.524695727017574498e+01,-1.756702132704454966e+00
1.535275028780422701e+01,-1.881651165574667051e+00
1.545927736419476872e+01,-2.007597032310423746e+00
1.556654359271061949e+01,-2.134492881533596176e+00
1.567455410205595001e+01,-2.262292878697041321e+00
1.578331405652118136e+01,-2.390952251648832849e+00
1.589282865622977958e+01,-2.520427329173160480e+00
1.600310313738700074e+01,-2.650675572878799180e+00
1.611414277253019733e+01,-2.781655602819082418e+00
1.622595287078087267e+01,-2.913327217236743483e+00
1.633853877809861999e+01,-3.045651406830881314e+00
1.645190587753662470e+01,-3.178590363942595864e+00
1.656605958949913671e+01,-3.312107487052693866e+00
1.668100537200059108e+01,-3.446167380977027239e+00
1.679674872092653004e+01,-3.580735853135697422e+00
1.691329517029648599e+01,-3.715779906260477716e+00
1.703065029252844198e+01,-3.851267727890243187e+00
1.714881969870539180e+01,-3.987168676990146654e+00
1.726780903884355922e+01,-4.123453268012691630e+00
1.738762400216250370e+01,-4.260093152702776109e+00
1.750827031735725114e+01,-4.397061099930938965e+00
1.762975375287205893e+01,-4.534330973820868138e+00
1.775208011717634093e+01,-4.671877710420321961e+00
1.787525525904235479e+01,-4.809677293146115140e+00
1.799928506782476489e+01,-4.947706727217032530e+00
1.812417547374237614e+01,-5.085944013271852526e+00
1.824993244816152327e+01,-5.224368120352590239e+00
1.837656200388170546e+01,-5.362958958418505340e+00
1.850407019542302223e+01,-5.501697350540356801e+00
1.863246311931559873e+01,-5.640565004910850000e+00
1.876174691439121389e+01,-5.779544486793750657e+00
1.889192776207666213e+01,-5.918619190520705509e+00
1.902301188668943865e+01,-6.057773311634049307e+00
1.915500555573527919e+01,-6.196991819261636891e+00
1.928791508020777812e+01,-6.336260428800067679e+00
1.942174681489026611e+01,-6.475565574973117577e+00
1.955650715865949252e+01,-6.614894385322545922e+00
1.969220255479171300e+01,-6.754234654181505704e+00
1.982883949127071332e+01,-6.893574817172094527e+00
1.996642450109793288e+01,-7.032903926262424221e+00
2.010496416260498975e+01,-7.172211625412537650e+00
2.024446509976803910e+01,-7.311488126831868328e+00
2.038493398252462185e+01,-7.450724187867171722e+00
2.052637752709252084e+01,-7.589911088533959571e+00
2.066880249629081945e+01,-7.729040609701192110e+00
2.081221569986339404e+01,-7.868105011935107029e+00
2.095662399480432825e+01,-8.007097015004216445e+00
2.110203428568594219e+01,-8.146009778045677052e+00
2.124845352498882889e+01,-8.284836880389388369e+00
2.139588871343421417e+01,-8.423572303034900344e+00
2.154434690031884614e+01,-8.562210410774017788e+00
2.169383518385184217e+01,-8.700745934949697613e+00
2.184436071149426084e+01,-8.839173956841483104e+00
2.199593068030074861e+01,-8.977489891665307198e+00
2.214855233726359174e+01,-9.115689473175269342e+00
2.230223297965938656e+01,-9.253768738854079245e+00
2.245697995539773828e+01,-9.391724015677388238e+00
2.261280066337277361e+01,-9.529551906437962572e+00
2.276970255381679920e+01,-9.667249276613940623e+00
2.292769312865648601e+01,-9.804813241765939935e+00
2.308677994187169702e+01,-9.942241155447531398e+00
2.324697059985647840e+01,-1.007953059761273629e+01
2.340827276178291783e+01,-1.021667936350542760e+01
2.357069413996727647e+01,-1.035368545301422039e+01
2.373424250023866122e+01,-1.049054706047749086e+01
2.389892566231050353e+01,-1.062726256492308075e+01
2.406475150015424092e+01,-1.076383052072694113e+01
2.423172794237598282e+01,-1.090024964867618351e+01
2.439986297259550341e+01,-1.103651882742119028e+01
2.456916462982790250e+01,-1.117263708530250099e+01
2.473964100886814066e+01,-1.130860359253843050e+01
2.491130026067788350e+01,-1.144441765375910336e+01
2.508415059277538717e+01,-1.158007870087391744e+01
2.525820026962784581e+01,-1.171558628625884779e+01
2.543345761304648178e+01,-1.185094007625103174e+01
2.560993100258459521e+01,-1.198613984493835538e+01
2.578762887593800812e+01,-1.212118546823161935e+01
2.596655972934869894e+01,-1.225607691820824563e+01
2.614673211801092023e+01,-1.239081425771567879e+01
2.632815465648020137e+01,-1.252539763522398708e+01
2.651083601908538867e+01,-1.265982727991719869e+01
2.669478494034320804e+01,-1.279410349701290173e+01
2.688001021537604629e+01,-1.292822666330084047e+01
2.706652070033241131e+01,-1.306219722289072038e+01
2.725432531281027693e+01,-1.319601568316027773e+01
2.744343303228365372e+01,-1.332968261089521178e+01
2.763385290053169996e+01,-1.346319862861206573e+01
2.782559402207125743e+01,-1.359656441105664193e+01
2.801866556459195223e+01,-1.372978068186966638e+01
2.821307675939470627e+01,-1.386284821041277837e+01
2.840883690183304111e+01,-1.399576780874740756e+01
2.860595535175741944e+01,-1.412854032875979016e+01
2.880444153396297935e+01,-1.426116665942586437e+01
2.900430493863991543e+01,-1.439364772420923977e+01
2.920555512182745161e+01,-1.452598447858688679e+01
2.940820170587063842e+01,-1.465817790769622597e+01
2.961225437988034415e+01,-1.479022902409840867e+01
2.981772290019673477e+01,-1.492213886565263259e+01
3.002461709085549302e+01,-1.505390849349599591e+01
3.023294684405776422e+01,-1.518553899012466957e+01
3.044272212064302607e+01,-1.531703145757123252e+01
3.065395295056526592e+01,-1.544838701567402062e+01
3.086664943337274636e+01,-1.557960680043438373e+01
3.108082173869063780e+01,-1.571069196245739441e+01
3.129648010670750580e+01,-1.584164366547270575e+01
3.151363484866479325e+01,-1.597246308493138578e+01
3.173229634734976301e+01,-1.610315140667539424e+01
3.195247505759213524e+01,-1.623370982567655929e+01
3.217418150676371624e+01,-1.636413954484131494e+01
3.239742629528195295e+01,-1.649444177387870170e+01
3.262222009711669557e+01,-1.662461772822829786e+01
3.284857366030043835e+01,-1.675466862804535850e+01
3.307649780744242207e+01,-1.688459569724071230e+01
3.330600343624588788e+01,-1.701440016257248189e+01
3.353710152002928879e+01,-1.714408325278756706e+01
3.376980310825091181e+01,-1.727364619781030086e+01
3.400411932703705986e+01,-1.740309022797605110e+01
3.424006137971425545e+01,-1.753241657330799086e+01
3.447764054734464167e+01,-1.766162646283440907e+01
3.471686818926559681e+01,-1.779072112394531757e+01
3.495775574363275240e+01,-1.791970178178591411e+01
3.520031472796679139e+01,-1.804856965868543384e+01
3.544455673970435328e+01,-1.817732597361982982e+01
3.569049345675229290e+01,-1.830597194170625031e+01
3.593813663804625946e+01,-1.843450877372827179e+01
3.618749812411280686e+01,-1.856293767569006548e+01
3.643858983763544757e+01,-1.869125984839823218e+01
3.669142378402494131e+01,-1.881947648707014054e+01
3.694601205199302285e+01,-1.894758878096705601e+01
3.720236681413065583e+01,-1.907559791305144969e+01
3.746050032748993175e+01,-1.920350505966679577e+01
3.772042493416997644e+01,-1.933131139023896949e+01
3.798215306190736129e+01,-1.945901806699842851e+01
3.824569722466998911e+01,-1.958662624472161795e+01
3.851107002325569084e+01,-1.971413707049127595e+01
3.877828414589457395e+01,-1.984155168347423270e+01
3.904735236885559857e+01,-1.996887121471600324e+01
3.931828755705770106e+01,-2.009609678695158408e+01
3.959110266468458406e+01,-2.022322951443111805e+01
3.986581073580438783e+01,-2.035027050276028859e+01
4.014242490499322003e+01,-2.047722084875424997e+01
4.042095839796306223e+01,-2.060408164030457812e+01
4.070142453219438750e+01,-2.073085395625873417e+01
4.098383671757261482e+01,-2.085753886631108500e+01
4.126820845702951601e+01,-2.098413743090523198e+01
4.155455334718875093e+01,-2.111065070114684161e+01
4.184288507901580090e+01,-2.123707971872643441e+01
4.213321743847289014e+01,-2.136342551585189398e+01
4.242556430717777260e+01,-2.148968911518975844e+01
4.271993966306776969e+01,-2.161587152981529059e+01
4.301635758106795038e+01,-2.174197376317050256e+01
4.331483223376398684e+01,-2.186799680902984733e+01
4.361537789208005478e+01,-2.199394165147334945e+01
4.391800892596086214e+01,-2.211980926486634758e+01
4.422273980505897129e+01,-2.224560061384604026e+01
4.452958509942655496e+01,-2.237131665331396491e+01
4.483855948021186322e+01,-2.249695832843432441e+01
4.514967772036101934e+01,-2.262252657463796979e+01
4.546295469532399380e+01,-2.274802231763131033e+01
4.577840538376616308e+01,-2.287344647341040016e+01
4.609604486828433778e+01,-2.299879994827943364e+01
4.641588833612777165e+01,-2.312408363887362484e+01
4.673795107992463471e+01,-2.324929843218633607e+01
4.706224849841281355e+01,-2.337444520559983729e+01
4.738879609717650965e+01,-2.349952482691990951e+01
4.771760948938745628e+01,-2.362453815441372740e+01
4.804870439655129388e+01,-2.374948603685090731e+01
4.838209664925957298e+01,-2.387436931354775638e+01
4.871780218794631168e+01,-2.399918881441406526e+01
4.905583706365045771e+01,-2.412394536000279999e+01
4.939621743878320359e+01,-2.424863976156205325e+01
4.973895958790062366e+01,-2.437327282108934412e+01
5.008407989848212338e+01,-2.449784533138817721e+01
5.043159487171358535e+01,-2.462235807612637473e+01
5.078152112327676093e+01,-2.474681182989655071e+01
5.113387538414325917e+01,-2.487120735827793894e+01
5.148867450137492341e+01,-2.499554541790019258e+01
5.184593543892913203e+01,-2.511982675650840946e+01
5.220567527846975509e+01,-2.524405211302948615e+01
5.256791122018424289e+01,-2.536822221763996055e+01
5.293266058360561033e+01,-2.549233779183468940e+01
5.329994080844087989e+01,-2.561639954849681899e+01
5.366976945540476152e+01,-2.574040819196854102e+01
5.404216420705915169e+01,-2.586436441812270814e+01
5.441714286865892802e+01,-2.598826891443538045e+01
5.479472336900287388e+01,-2.611212236005881238e+01
5.517492376129123244e+01,-2.623592542589528875e+01
5.555776222398877451e+01,-2.635967877467132681e+01
5.594325706169377810e+01,-2.648338306101240747e+01
5.633142670601357338e+01,-2.660703893151816857e+01
5.672228971644543805e+01,-2.673064702483778277e+01
5.711586478126429256e+01,-2.685420797174582930e+01
5.751217071841613659e+01,-2.697772239521820126e+01
5.791122647641758192e+01,-2.710119091050824025e+01
5.831305113526224915e+01,-2.722461412522308422e+01
5.871766390733255747e+01,-2.734799263939990865e+01
5.912508413831875487e+01,-2.747132704558241656e+01
5.953533130814370367e+01,-2.759461792889711163e+01
5.994842503189408944e+01,-2.771786586712958922e+01
6.036438506075869981e+01,-2.784107143080083446e+01
6.078323128297230227e+01,-2.796423518324317570e+01
6.120498372476696858e+01,-2.808735768067630545e+01
6.162966255132942450e+01,-2.821043947228296744e+01
6.205728806776500761e+01,-2.833348110028435940e+01
6.248788072006894367e+01,-2.845648310001553938e+01
6.292146109610344240e+01,-2.857944600000019264e+01
6.335804992658247414e+01,-2.870237032202543048e+01
6.379766808606282069e+01,-2.882525658121604550e+01
6.424033659394190465e+01,-2.894810528610841516e+01
6.468607661546327847e+01,-2.907091693872422056e+01
6.513490946272803228e+01,-2.919369203464350804e+01
6.558685659571428062e+01,-2.931643106307758373e+01
6.604193962330305112e+01,-2.943913450694133260e+01
6.650018030431118632e+01,-2.956180284292505789e+01
6.696160054853221766e+01,-2.968443654156605760e+01
6.742622241778342129e+01,-2.980703606731949762e+01
6.789406812696105931e+01,-2.992960187862896859e+01
6.836516004510238531e+01,-3.005213442799646373e+01
6.883952069645496863e+01,-3.017463416205182014e+01
6.931717276155407603e+01,-3.029710152162177650e+01
6.979813907830660469e+01,-3.041953694179828460e+01
7.028244264308345635e+01,-3.054194085200654385e+01
7.077010661181888906e+01,-3.066431367607228253e+01
7.126115430111745752e+01,-3.078665583228853819e+01
7.175560918936928090e+01,-3.090896773348198678e+01
7.225349491787214617e+01,-3.103124978707852932e+01
7.275483529196225163e+01,-3.115350239516848418e+01
7.325965428215229736e+01,-3.127572595457111504e+01
7.376797602527730646e+01,-3.139792085689850865e+01
7.427982482564918598e+01,-3.152008748861909382e+01
7.479522515621820844e+01,-3.164222623112028288e+01
7.531420165974367364e+01,-3.176433746077082532e+01
7.583677914997190328e+01,-3.188642154898236925e+01
7.636298261282242095e+01,-3.200847886227040817e+01
7.689283720758312768e+01,-3.213050976231489386e+01
7.742636826811269657e+01,-3.225251460601990061e+01
7.796360130405228972e+01,-3.237449374557301240e+01
7.850456200204509116e+01,-3.249644752850393559e+01
7.904927622696420997e+01,-3.261837629774250047e+01
7.959777002314986305e+01,-3.274028039167624371e+01
8.015006961565404708e+01,-3.286216014420719489e+01
8.070620141149498750e+01,-3.298401588480824387e+01
8.126619200091946027e+01,-3.310584793857877628e+01
8.183006815867389605e+01,-3.322765662629977612e+01
8.239785684528519027e+01,-3.334944226448844518e+01
8.296958520834907347e+01,-3.347120516545199109e+01
8.354528058382862810e+01,-3.359294563734110994e+01
8.412497049736118981e+01,-3.371466398420273691e+01
8.470868266557401682e+01,-3.383636050603213619e+01
8.529644499741024788e+01,-3.395803549882470662e+01
8.588828559546249153e+01,-3.407968925462682819e+01
8.648423275731717297e+01,-3.420132206158650945e+01
8.708431497690723688e+01,-3.432293420400322503e+01
8.768856094587427208e+01,-3.444452596237723441e+01
8.829699955494092478e+01,-3.456609761345845300e+01
8.890965989529158264e+01,-3.468764943029459147e+01
8.952657125996400111e+01,-3.480918168227896103e+01
9.014776314524917211e+01,-3.493069463519746165e+01
9.077326525210223451e+01,-3.505218855127528599e+01
9.140310748756232329e+01,-3.517366368922292708e+01
9.203731996618220990e+01,-3.529512030428163172e+01
9.267593301146882823e+01,-3.541655864826849864e+01
9.331897715733238385e+01,-3.553797896962078084e+01
9.396648314954690306e+01,-3.565938151343994633e+01
9.461848194722001892e+01,-3.578076652153500703e+01
9.527500472427290390e+01,-3.590213423246537161e+01
9.593608287093147169e+01,-3.602348488158331463e+01
9.660174799522646083e+01,-3.614481870107572092e+01
9.727203192450537017e+01,-3.626613592000560260e+01
9.794696670695395824e+01,-3.638743676435284868e+01
9.862658461312820180e+01,-3.650872145705457683e+01
9.931091813749800679e+01,-3.662999021804513688e+01
1.000000000000000000e+02,-3.675124326429536126e+01
