Frequency,Phase
1.000000000000000056e-01,-3.979085934874220798e-01
1.006938631476027579e-01,-4.006698323581918686e-01
1.013925407558815134e-01,-4.034502366898666259e-01
1.020960662306046735e-01,-4.062499395953632630e-01
1.028044732093309210e-01,-4.090690751139630654e-01
1.035177955630176283e-01,-4.119077782177974489e-01
1.042360673976401725e-01,-4.147661848183782918e-01
1.049593230558227425e-01,-4.176444317731766720e-01
1.056875971184804280e-01,-4.205426568922482899e-01
1.064209244064724114e-01,-4.234609989449039658e-01
1.071593399822671072e-01,-4.263995976664309295e-01
1.079028791516184194e-01,-4.293585937648597417e-01
1.086515774652538069e-01,-4.323381289277801742e-01
1.094054707205742716e-01,-4.353383458292066632e-01
1.101645949633656418e-01,-4.383593881364911682e-01
1.109289864895222771e-01,-4.414014005172867128e-01
1.116986818467823189e-01,-4.444645286465608858e-01
1.124737178364751677e-01,-4.475489192136577477e-01
1.132541315152811728e-01,-4.506547199294130279e-01
1.140399601970032845e-01,-4.537820795333177282e-01
1.148312414543511129e-01,-4.569311478007342386e-01
1.156280131207376022e-01,-4.601020755501644688e-01
1.164303132920876532e-01,-4.632950146505693811e-01
1.172381803286598884e-01,-4.665101180287412053e-01
1.180516528568805179e-01,-4.697475396767282763e-01
1.188707697711903349e-01,-4.730074346593148293e-01
1.196955702359043389e-01,-4.762899591215521422e-01
1.205260936870842653e-01,-4.795952702963448555e-01
1.213623798344240778e-01,-4.829235265120921383e-01
1.222044686631488380e-01,-4.862748872003843092e-01
1.230524004359261625e-01,-4.896495129037520266e-01
1.239062156947916271e-01,-4.930475652834765965e-01
1.247659552630869806e-01,-4.964692071274499630e-01
1.256316602474120414e-01,-4.999146023580962606e-01
1.265033720395903616e-01,-5.033839160403495994e-01
1.273811323186478384e-01,-5.068773143896863065e-01
1.282649830528060642e-01,-5.103949647802210610e-01
1.291549665014883885e-01,-5.139370357528539879e-01
1.300511252173408849e-01,-5.175036970234843103e-01
1.309535020482667234e-01,-5.210951194912769591e-01
1.318621401394748371e-01,-5.247114752469931309e-01
1.327770829355429671e-01,-5.283529375813798001e-01
1.336983741824946670e-01,-5.320196809936189597e-01
1.346260579298909910e-01,-5.357118811998395902e-01
1.355601785329368647e-01,-5.394297151416916902e-01
1.365007806546013891e-01,-5.431733609949793706e-01
1.374479092677537428e-01,-5.469429981783620054e-01
1.384016096573131571e-01,-5.507388073621121150e-01
1.393619274224142390e-01,-5.545609704769427495e-01
1.403289084785872831e-01,-5.584096707228952683e-01
1.413025990599533765e-01,-5.622850925782939546e-01
1.422830457214352695e-01,-5.661874218087642463e-01
1.432702953409830948e-01,-5.701168454763169136e-01
1.442643951218157694e-01,-5.740735519485002936e-01
1.452653925946780777e-01,-5.780577309076176951e-01
1.462733356201129931e-01,-5.820695733600108612e-01
1.472882723907502633e-01,-5.861092716454143758e-01
1.483102514336104294e-01,-5.901770194463765717e-01
1.493393216124252187e-01,-5.942730117977487181e-01
1.503755321299738157e-01,-5.983974450962453728e-01
1.514189325304352018e-01,-6.025505171100731250e-01
1.524695727017573721e-01,-6.067324269886321675e-01
1.535275028780422601e-01,-6.109433752722865929e-01
1.545927736419477616e-01,-6.151835639022065205e-01
1.556654359271061605e-01,-6.194531962302860517e-01
1.567455410205594868e-01,-6.237524770291290599e-01
1.578331405652117214e-01,-6.280816125021129182e-01
1.589282865622977936e-01,-6.324408102935227260e-01
1.600310313738700918e-01,-6.368302794987623638e-01
1.611414277253019334e-01,-6.412502306746412639e-01
1.622595287078087423e-01,-6.457008758497357892e-01
1.633853877809861299e-01,-6.501824285348266619e-01
1.645190587753662392e-01,-6.546951037334158841e-01
1.656605958949914359e-01,-6.592391179523184874e-01
1.668100537200058742e-01,-6.638146892123361065e-01
1.679674872092653537e-01,-6.684220370590070459e-01
1.691329517029648011e-01,-6.730613825734368394e-01
1.703065029252844309e-01,-6.777329483832084112e-01
1.714881969870540035e-01,-6.824369586733771698e-01
1.726780903884355400e-01,-6.871736391975407088e-01
1.738762400216250781e-01,-6.919432172889996568e-01
1.750827031735724126e-01,-6.967459218719936898e-01
1.762975375287205715e-01,-7.015819834730263604e-01
1.775208011717634982e-01,-7.064516342322731957e-01
1.787525525904234969e-01,-7.113551079150733925e-01
1.799928506782476900e-01,-7.162926399235112207e-01
1.812417547374236826e-01,-7.212644673080795821e-01
1.824993244816152382e-01,-7.262708287794344963e-01
1.837656200388171346e-01,-7.313119647202358520e-01
1.850407019542301690e-01,-7.363881171970780848e-01
1.863246311931560373e-01,-7.414995299725101185e-01
1.876174691439120579e-01,-7.466464485171457888e-01
1.889192776207666291e-01,-7.518291200218651937e-01
1.902301188668944765e-01,-7.570477934101090822e-01
1.915500555573527997e-01,-7.623027193502643906e-01
1.928791508020778200e-01,-7.675941502681445927e-01
1.942174681489025334e-01,-7.729223403595653075e-01
1.955650715865949185e-01,-7.782875456030126093e-01
1.969220255479172399e-01,-7.836900237724092610e-01
1.982883949127071388e-01,-7.891300344499768693e-01
1.996642450109794020e-01,-7.946078390391980717e-01
2.010496416260497965e-01,-8.001237007778736476e-01
2.024446509976803865e-01,-8.056778847512827690e-01
2.038493398252463062e-01,-8.112706579054392853e-01
2.052637752709252084e-01,-8.169022890604544784e-01
2.066880249629082511e-01,-8.225730489239975185e-01
2.081221569986338171e-01,-8.282832101048627216e-01
2.095662399480432980e-01,-8.340330471266359513e-01
2.110203428568595552e-01,-8.398228364414703773e-01
2.124845352498882789e-01,-8.456528564439672602e-01
2.139588871343422183e-01,-8.515233874851605433e-01
2.154434690031883370e-01,-8.574347118866120221e-01
2.169383518385184229e-01,-8.633871139546160922e-01
2.184436071149427339e-01,-8.693808799945098587e-01
2.199593068030074872e-01,-8.754162983250980412e-01
2.214855233726359951e-01,-8.814936592931883474e-01
2.230223297965937546e-01,-8.876132552882386451e-01
2.245697995539774061e-01,-8.937753807571191533e-01
2.261280066337278405e-01,-8.999803322189893207e-01
2.276970255381680075e-01,-9.062284082802870566e-01
2.292769312865649278e-01,-9.125199096498416429e-01
2.308677994187168514e-01,-9.188551391541002200e-01
2.324697059985647851e-01,-9.252344017524717357e-01
2.340827276178293059e-01,-9.316580045527943499e-01
2.357069413996727703e-01,-9.381262568269242985e-01
2.373424250023866700e-01,-9.446394700264451050e-01
2.389892566231049675e-01,-9.511979577985018031e-01
2.406475150015424114e-01,-9.578020360017576174e-01
2.423172794237599403e-01,-9.644520227224827602e-01
2.439986297259550130e-01,-9.711482382907605793e-01
2.456916462982790816e-01,-9.778910052968307065e-01
2.473964100886813511e-01,-9.846806486075596609e-01
2.491130026067788494e-01,-9.915174953830376836e-01
2.508415059277540049e-01,-9.984018750933142394e-01
2.525820026962784515e-01,-1.005334119535262527e+00
2.543345761304649510e-01,-1.012314562849579325e+00
2.560993100258458499e-01,-1.019343541537921505e+00
2.578762887593800679e-01,-1.026421394480182547e+00
2.596655972934870937e-01,-1.033548462951899172e+00
2.614673211801092356e-01,-1.040725090641808404e+00
2.632815465648021269e-01,-1.047951623669537646e+00
2.651083601908538201e-01,-1.055228410603442635e+00
2.669478494034320804e-01,-1.062555802478587941e+00
2.688001021537606006e-01,-1.069934152814872697e+00
2.706652070033241375e-01,-1.077363817635300203e+00
2.725432531281029025e-01,-1.084845155484404078e+00
2.744343303228364839e-01,-1.092378527446817182e+00
2.763385290053169685e-01,-1.099964297165992200e+00
2.782559402207124277e-01,-1.107602830863083421e+00
2.801866556459195468e-01,-1.115294497355969527e+00
2.821307675939472293e-01,-1.123039668078444686e+00
2.840883690183303445e-01,-1.130838717099560853e+00
2.860595535175741722e-01,-1.138692021143132616e+00
2.880444153396296558e-01,-1.146599959607400132e+00
2.900430493863991877e-01,-1.154562914584855049e+00
2.920555512182746449e-01,-1.162581270882232731e+00
2.940820170587062909e-01,-1.170655416040671915e+00
2.961225437988034281e-01,-1.178785740356033562e+00
2.981772290019671923e-01,-1.186972636899401801e+00
3.002461709085549324e-01,-1.195216501537743170e+00
3.023294684405777866e-01,-1.203517732954749953e+00
3.044272212064301764e-01,-1.211876732671850920e+00
3.065395295056526637e-01,-1.220293905069402385e+00
3.086664943337272815e-01,-1.228769657408056437e+00
3.108082173869063936e-01,-1.237304399850311043e+00
3.129648010670751934e-01,-1.245898545482237996e+00
3.151363484866478437e-01,-1.254552510335404714e+00
3.173229634734976989e-01,-1.263266713408972564e+00
3.195247505759211681e-01,-1.272041576691986586e+00
3.217418150676371602e-01,-1.280877525185860621e+00
3.239742629528197249e-01,-1.289774986927046507e+00
3.262222009711668869e-01,-1.298734393009905119e+00
3.284857366030044523e-01,-1.307756177609771253e+00
3.307649780744240653e-01,-1.316840778006214574e+00
3.330600343624588455e-01,-1.325988634606509953e+00
3.353710152002930545e-01,-1.335200190969299872e+00
3.376980310825090648e-01,-1.344475893828470214e+00
3.400411932703706896e-01,-1.353816193117234778e+00
3.424006137971423724e-01,-1.363221541992424735e+00
3.447764054734464012e-01,-1.372692396858993913e+00
3.471686818926561502e-01,-1.382229217394738141e+00
3.495775574363274574e-01,-1.391832466575231742e+00
3.520031472796679717e-01,-1.401502610698987628e+00
3.544455673970434706e-01,-1.411240119412833671e+00
3.569049345675229801e-01,-1.421045465737517777e+00
3.593813663804627523e-01,-1.430919126093541882e+00
3.618749812411279354e-01,-1.440861580327222002e+00
3.643858983763545445e-01,-1.450873311736986304e+00
3.669142378402492910e-01,-1.460954807099902553e+00
3.694601205199302685e-01,-1.471106556698449808e+00
3.720236681413067736e-01,-1.481329054347529706e+00
3.746050032748992065e-01,-1.491622797421718882e+00
3.772042493416998266e-01,-1.501988286882771639e+00
3.798215306190735330e-01,-1.512426027307371301e+00
3.824569722466998889e-01,-1.522936526915132704e+00
3.851107002325570572e-01,-1.533520297596866255e+00
3.877828414589456485e-01,-1.544177854943093786e+00
3.904735236885560901e-01,-1.554909718272828867e+00
3.931828755705769063e-01,-1.565716410662627345e+00
3.959110266468458539e-01,-1.576598458975897232e+00
3.986581073580440782e-01,-1.587556393892489481e+00
4.014242490499320692e-01,-1.598590749938557654e+00
4.042095839796306933e-01,-1.609702065516697367e+00
4.070142453219438017e-01,-1.620890882936370847e+00
4.098383671757261371e-01,-1.632157748444612366e+00
4.126820845702953711e-01,-1.643503212257025670e+00
4.155455334718875515e-01,-1.654927828589073391e+00
4.184288507901581244e-01,-1.666432155687660011e+00
4.213321743847288081e-01,-1.678016755863023679e+00
4.242556430717777105e-01,-1.689682195520914920e+00
4.271993966306779078e-01,-1.701429045195103518e+00
4.301635758106794882e-01,-1.713257879580181164e+00
4.331483223376399461e-01,-1.725169277564686521e+00
4.361537789208004834e-01,-1.737163822264551349e+00
4.391800892596086081e-01,-1.749242101056860177e+00
4.422273980505899149e-01,-1.761404705613956345e+00
4.452958509942655518e-01,-1.773652231937860035e+00
4.483855948021187587e-01,-1.785985280395036456e+00
4.514967772036100890e-01,-1.798404455751499764e+00
4.546295469532399269e-01,-1.810910367208262040e+00
4.577840538376618529e-01,-1.823503628437135538e+00
4.609604486828433600e-01,-1.836184857616886656e+00
4.641588833612778631e-01,-1.848954677469746066e+00
4.673795107992462228e-01,-1.861813715298292093e+00
4.706224849841281754e-01,-1.874762603022694707e+00
4.738879609717653318e-01,-1.887801977218338090e+00
4.771760948938745805e-01,-1.900932479153818466e+00
4.804870439655130054e-01,-1.914154754829327620e+00
4.838209664925955944e-01,-1.927469455015430766e+00
4.871780218794632411e-01,-1.940877235292230774e+00
4.905583706365048147e-01,-1.954378756088932745e+00
4.939621743878320759e-01,-1.967974682723826474e+00
4.973895958790063854e-01,-1.981665685444664371e+00
5.008407989848211450e-01,-1.995452439469466599e+00
5.043159487171360311e-01,-2.009335625027740768e+00
5.078152112327672940e-01,-2.023315927402137948e+00
5.113387538414325695e-01,-2.037394036970545663e+00
5.148867450137493140e-01,-2.051570649248602329e+00
5.184593543892911383e-01,-2.065846464932687532e+00
5.220567527846976530e-01,-2.080222189943335742e+00
5.256791122018421580e-01,-2.094698535469136313e+00
5.293266058360561743e-01,-2.109276218011082005e+00
5.329994080844089321e-01,-2.123955959427396234e+00
5.366976945540474775e-01,-2.138738486978840392e+00
5.404216420705916235e-01,-2.153624533374509209e+00
5.441714286865890760e-01,-2.168614836818113734e+00
5.479472336900287344e-01,-2.183710141054774567e+00
5.517492376129126130e-01,-2.198911195418313813e+00
5.555776222398876030e-01,-2.214218754879070605e+00
5.594325706169378520e-01,-2.229633580092234890e+00
5.633142670601354318e-01,-2.245156437446711450e+00
5.672228971644543982e-01,-2.260788099114530603e+00
5.711586478126432498e-01,-2.276529343100791358e+00
5.751217071841612238e-01,-2.292380953294176127e+00
5.791122647641759880e-01,-2.308343719518017867e+00
5.831305113526221717e-01,-2.324418437581939667e+00
5.871766390733255125e-01,-2.340605909334080525e+00
5.912508413831878418e-01,-2.356906942713906439e+00
5.953533130814369079e-01,-2.373322351805612573e+00
5.994842503189410365e-01,-2.389852956892148939e+00
6.036438506075867405e-01,-2.406499584509850020e+00
6.078323128297229427e-01,-2.423263067503691470e+00
6.120498372476699256e-01,-2.440144245083185393e+00
6.162966255132941162e-01,-2.457143962878920007e+00
6.205728806776501516e-01,-2.474263072999757895e+00
6.248788072006891126e-01,-2.491502434090690610e+00
6.292146109610343707e-01,-2.508862911391377182e+00
6.335804992658250478e-01,-2.526345376795370523e+00
6.379766808606280870e-01,-2.543950708910030833e+00
6.424033659394192686e-01,-2.561679793117161541e+00
6.468607661546326160e-01,-2.579533521634348237e+00
6.513490946272803006e-01,-2.597512793577044565e+00
6.558685659571431570e-01,-2.615618515021390866e+00
6.604193962330303647e-01,-2.633851599067786875e+00
6.650018030431119609e-01,-2.652212965905237585e+00
6.696160054853220744e-01,-2.670703542876469605e+00
6.742622241778342129e-01,-2.689324264543845544e+00
6.789406812696109350e-01,-2.708076072756077313e+00
6.836516004510236888e-01,-2.726959916715764543e+00
6.883952069645498106e-01,-2.745976753047745689e+00
6.931717276155405782e-01,-2.765127545868322212e+00
6.979813907830659803e-01,-2.784413266855302105e+00
7.028244264308348699e-01,-2.803834895318961351e+00
7.077010661181887263e-01,-2.823393418273842936e+00
7.126115430111746862e-01,-2.843089830511497773e+00
7.175560918936926269e-01,-2.862925134674115135e+00
7.225349491787214085e-01,-2.882900341329094562e+00
7.275483529196228316e-01,-2.903016469044568115e+00
7.325965428215229780e-01,-2.923274544465874758e+00
7.376797602527732645e-01,-2.943675602393015733e+00
7.427982482564916555e-01,-2.964220685859119353e+00
7.479522515621821466e-01,-2.984910846209890334e+00
7.531420165974371805e-01,-3.005747143184119174e+00
7.583677914997191127e-01,-3.026730644995211161e+00
7.636298261282243871e-01,-3.047862428413794511e+00
7.689283720758310903e-01,-3.069143578851413423e+00
7.742636826811269968e-01,-3.090575190445306486e+00
7.796360130405233235e-01,-3.112158366144322841e+00
7.850456200204509738e-01,-3.133894217795965886e+00
7.904927622696422684e-01,-3.155783866234600055e+00
7.959777002314983863e-01,-3.177828441370838863e+00
8.015006961565405152e-01,-3.200029082282125792e+00
8.070620141149503768e-01,-3.222386937304545285e+00
8.126619200091945716e-01,-3.244903164125866102e+00
8.183006815867391870e-01,-3.267578929879852989e+00
8.239785684528517784e-01,-3.290415411241866206e+00
8.296958520834906148e-01,-3.313413794525761791e+00
8.354528058382867384e-01,-3.336575275782139638e+00
8.412497049736118448e-01,-3.359901060897919400e+00
8.470868266557404214e-01,-3.383392365697326820e+00
8.529644499741022567e-01,-3.407050416044261620e+00
8.588828559546252128e-01,-3.430876447946105579e+00
8.648423275731722537e-01,-3.454871707658977886e+00
8.708431497690723999e-01,-3.479037451794483982e+00
8.768856094587428318e-01,-3.503374947427952968e+00
8.829699955494089147e-01,-3.527885472208228901e+00
8.890965989529160396e-01,-3.552570314469009727e+00
8.952657125996396070e-01,-3.577430773341782722e+00
9.014776314524917122e-01,-3.602468158870391512e+00
9.077326525210226427e-01,-3.627683792127227580e+00
9.140310748756229620e-01,-3.653079005331122620e+00
9.203731996618222944e-01,-3.678655141966946651e+00
9.267593301146878071e-01,-3.704413556906936300e+00
9.331897715733238341e-01,-3.730355616533820751e+00
9.396648314954693104e-01,-3.756482698865728054e+00
9.461848194721999006e-01,-3.782796193682954389e+00
9.527500472427292699e-01,-3.809297502656589618e+00
9.593608287093141618e-01,-3.835988039479068856e+00
9.660174799522646127e-01,-3.862869229996658937e+00
9.727203192450539770e-01,-3.889942512343926406e+00
9.794696670695393070e-01,-3.917209337080233666e+00
9.862658461312823199e-01,-3.944671167328282380e+00
9.931091813749796104e-01,-3.972329478914756518e+00
1.000000000000000000e+00,-4.000185760513103261e+00
1.006938631476027579e+00,-4.028241513788485939e+00
1.013925407558815328e+00,-4.056498253544954302e+00
1.020960662306046540e+00,-4.084957507874876548e+00
1.028044732093309266e+00,-4.113620818310679716e+00
1.035177955630176339e+00,-4.142489739978918450e+00
1.042360673976401753e+00,-4.171565841756759596e+00
1.049593230558227619e+00,-4.200850706430886206e+00
1.056875971184803920e+00,-4.230345930858891990e+00
1.064209244064724169e+00,-4.260053126133219514e+00
1.071593399822671211e+00,-4.289973917747656351e+00
1.079028791516184249e+00,-4.320109945766489545e+00
1.086515774652538457e+00,-4.350462864996322843e+00
1.094054707205742494e+00,-4.381034345160645493e+00
1.101645949633656363e+00,-4.411826071077175726e+00
1.109289864895222744e+00,-4.442839742838062378e+00
1.116986818467823106e+00,-4.474077075992971331e+00
1.124737178364751955e+00,-4.505539801735140237e+00
1.132541315152811423e+00,-4.537229667090440621e+00
1.140399601970032428e+00,-4.569148435109528172e+00
1.148312414543511073e+00,-4.601297885063108772e+00
1.156280131207376050e+00,-4.633679812640411733e+00
1.164303132920876838e+00,-4.666296030150928864e+00
1.172381803286598467e+00,-4.699148366729475335e+00
1.180516528568804846e+00,-4.732238668544648696e+00
1.188707697711903322e+00,-4.765568799010738488e+00
1.196955702359043361e+00,-4.799140639003172559e+00
1.205260936870842681e+00,-4.832956087077567631e+00
1.213623798344240612e+00,-4.867017059692450687e+00
1.222044686631488020e+00,-4.901325491435740034e+00
1.230524004359261570e+00,-4.935883335255018878e+00
1.239062156947916327e+00,-4.970692562691749750e+00
1.247659552630869806e+00,-5.005755164119447542e+00
1.256316602474120803e+00,-5.041073148985927510e+00
1.265033720395903227e+00,-5.076648546059678857e+00
1.273811323186478495e+00,-5.112483403680495364e+00
1.282649830528060475e+00,-5.148579790014405688e+00
1.291549665014884107e+00,-5.184939793313013467e+00
1.300511252173409238e+00,-5.221565522177336049e+00
1.309535020482667012e+00,-5.258459105826227109e+00
1.318621401394748593e+00,-5.295622694369512828e+00
1.327770829355429782e+00,-5.333058459085849634e+00
1.336983741824946614e+00,-5.370768592705524647e+00
1.346260579298910409e+00,-5.408755309698209501e+00
1.355601785329368258e+00,-5.447020846565801655e+00
1.365007806546013835e+00,-5.485567462140472195e+00
1.374479092677537428e+00,-5.524397437887991202e+00
1.384016096573131627e+00,-5.563513078216495877e+00
1.393619274224142668e+00,-5.602916710790764476e+00
1.403289084785872332e+00,-5.642610686852143509e+00
1.413025990599533710e+00,-5.682597381544237436e+00
1.422830457214352640e+00,-5.722879194244480772e+00
1.432702953409831004e+00,-5.763458548901716938e+00
1.442643951218158138e+00,-5.804337894379921536e+00
1.452653925946780555e+00,-5.845519704808193495e+00
1.462733356201129986e+00,-5.887006479937151759e+00
1.472882723907502633e+00,-5.928800745501847658e+00
1.483102514336104516e+00,-5.970905053591390121e+00
1.493393216124252687e+00,-6.013321983025370798e+00
1.503755321299737657e+00,-6.056054139737267583e+00
1.514189325304351907e+00,-6.099104157164974005e+00
1.524695727017573832e+00,-6.142474696648579702e+00
1.535275028780422657e+00,-6.186168447835599160e+00
1.545927736419477672e+00,-6.230188129093803262e+00
1.556654359271061328e+00,-6.274536487931776207e+00
1.567455410205595090e+00,-6.319216301427436733e+00
1.578331405652117381e+00,-6.364230376664623101e+00
1.589282865622978047e+00,-6.409581551177980785e+00
1.600310313738700918e+00,-6.455272693406290507e+00
1.611414277253019112e+00,-6.501306703154451583e+00
1.622595287078087090e+00,-6.547686512064298192e+00
1.633853877809861244e+00,-6.594415084094436885e+00
1.645190587753662559e+00,-6.641495416009306041e+00
1.656605958949914470e+00,-6.688930537877691762e+00
1.668100537200059241e+00,-6.736723513580855638e+00
1.679674872092653093e+00,-6.784877441330549708e+00
1.691329517029647844e+00,-6.833395454197083829e+00
1.703065029252844420e+00,-6.882280720647669270e+00
1.714881969870539979e+00,-6.931536445095373367e+00
1.726780903884356011e+00,-6.981165868458741208e+00
1.738762400216250503e+00,-7.031172268732496455e+00
1.750827031735724182e+00,-7.081558961569466959e+00
1.762975375287205715e+00,-7.132329300874019395e+00
1.775208011717635204e+00,-7.183486679407276476e+00
1.787525525904235524e+00,-7.235034529404348547e+00
1.799928506782476401e+00,-7.286976323203885997e+00
1.812417547374236770e+00,-7.339315573890237587e+00
1.824993244816152327e+00,-7.392055835948426967e+00
1.837656200388171568e+00,-7.445200705932368379e+00
1.850407019542302134e+00,-7.498753823146473430e+00
1.863246311931559873e+00,-7.552718870341109003e+00
1.876174691439120412e+00,-7.607099574422105270e+00
1.889192776207666347e+00,-7.661899707174673502e+00
1.902301188668944709e+00,-7.717123086002096066e+00
1.915500555573527830e+00,-7.772773574679498587e+00
1.928791508020777812e+00,-7.828855084123042651e+00
1.942174681489025501e+00,-7.885371573174952964e+00
1.955650715865949074e+00,-7.942327049404661388e+00
1.969220255479172454e+00,-7.999725569926499524e+00
1.982883949127071332e+00,-8.057571242234359943e+00
1.996642450109793465e+00,-8.115868225053587182e+00
2.010496416260497909e+00,-8.174620729210694492e+00
2.024446509976803643e+00,-8.233833018521135472e+00
2.038493398252463340e+00,-8.293509410695683925e+00
2.052637752709252084e+00,-8.353654278265793209e+00
2.066880249629082122e+00,-8.414272049528435105e+00
2.081221569986338338e+00,-8.475367209510825006e+00
2.095662399480433091e+00,-8.536944300955507714e+00
2.110203428568595552e+00,-8.599007925326356272e+00
2.124845352498883067e+00,-8.661562743835894196e+00
2.139588871343421683e+00,-8.724613478494477548e+00
2.154434690031883370e+00,-8.788164913181915949e+00
2.169383518385184395e+00,-8.852221894741946429e+00
2.184436071149427505e+00,-8.916789334100238662e+00
2.199593068030074594e+00,-8.981872207406405906e+00
2.214855233726359174e+00,-9.047475557200627350e+00
2.230223297965937324e+00,-9.113604493605517831e+00
2.245697995539774006e+00,-9.180264195543736960e+00
2.261280066337278516e+00,-9.247459911982090830e+00
2.276970255381680186e+00,-9.315196963202708957e+00
2.292769312865650111e+00,-9.383480742101925287e+00
2.308677994187168458e+00,-9.452316715517586232e+00
2.324697059985648018e+00,-9.521710425585487414e+00
2.340827276178293115e+00,-9.591667491125523526e+00
2.357069413996727647e+00,-9.662193609058494559e+00
2.373424250023867366e+00,-9.733294555854119068e+00
2.389892566231048843e+00,-9.804976189011123111e+00
2.406475150015424003e+00,-9.877244448570166924e+00
2.423172794237599348e+00,-9.950105358660403354e+00
2.439986297259550074e+00,-1.002356502908054559e+01
2.456916462982791316e+00,-1.009762965691522041e+01
2.473964100886812734e+00,-1.017230552818754497e+01
2.491130026067788439e+00,-1.024759901954883290e+01
2.508415059277540049e+00,-1.032351660000622395e+01
2.525820026962784848e+00,-1.040006483268937920e+01
2.543345761304649510e+00,-1.047725037665703063e+01
2.560993100258458277e+00,-1.055507998874453968e+01
2.578762887593800901e+00,-1.063356052545332098e+01
2.596655972934871048e+00,-1.071269894488331431e+01
2.614673211801092023e+00,-1.079250230870952976e+01
2.632815465648021380e+00,-1.087297778420377270e+01
2.651083601908537535e+00,-1.095413264630265537e+01
2.669478494034320804e+00,-1.103597427972318634e+01
2.688001021537606228e+00,-1.111851018112691492e+01
2.706652070033241486e+00,-1.120174796133406936e+01
2.725432531281029025e+00,-1.128569534758886128e+01
2.744343303228363951e+00,-1.137036018587719610e+01
2.763385290053169907e+00,-1.145575044329829595e+01
2.782559402207124499e+00,-1.154187421049132745e+01
2.801866556459195134e+00,-1.162873970411873614e+01
2.821307675939472404e+00,-1.171635526940748484e+01
2.840883690183302779e+00,-1.180472938274981942e+01
2.860595535175741944e+00,-1.189387065436503477e+01
2.880444153396296336e+00,-1.198378783102374179e+01
2.900430493863991543e+00,-1.207448979883633911e+01
2.920555512182746671e+00,-1.216598558610724901e+01
2.940820170587062243e+00,-1.225828436625661411e+01
2.961225437988034503e+00,-1.235139546081127904e+01
2.981772290019671701e+00,-1.244532834246660968e+01
3.002461709085549213e+00,-1.254009263822125497e+01
3.023294684405777755e+00,-1.263569813258649077e+01
3.044272212064302874e+00,-1.273215477087220115e+01
3.065395295056526859e+00,-1.282947266255138352e+01
3.086664943337273037e+00,-1.292766208470529321e+01
3.108082173869064047e+00,-1.302673348555116561e+01
3.129648010670751823e+00,-1.312669748805478065e+01
3.151363484866479325e+00,-1.322756489362999588e+01
3.173229634734976212e+00,-1.332934668592746519e+01
3.195247505759212014e+00,-1.343205403471490733e+01
3.217418150676371713e+00,-1.353569829985117678e+01
3.239742629528197249e+00,-1.364029103535669840e+01
3.262222009711670090e+00,-1.374584399358265685e+01
3.284857366030043746e+00,-1.385236912948142241e+01
3.307649780744240875e+00,-1.395987860498109079e+01
3.330600343624588788e+00,-1.406838479346636639e+01
3.353710152002930656e+00,-1.417790028436900229e+01
3.376980310825091536e+00,-1.428843788787032487e+01
3.400411932703705897e+00,-1.440001063971875439e+01
3.424006137971423946e+00,-1.451263180616541248e+01
3.447764054734464345e+00,-1.462631488902064447e+01
3.471686818926561280e+00,-1.474107363083471256e+01
3.495775574363275240e+00,-1.485692202020577746e+01
3.520031472796679051e+00,-1.497387429721840491e+01
3.544455673970433818e+00,-1.509194495901597399e+01
3.569049345675229468e+00,-1.521114876551026285e+01
3.593813663804627634e+00,-1.533150074523190654e+01
3.618749812411280242e+00,-1.545301620132509690e+01
3.643858983763544224e+00,-1.557571071769026716e+01
3.669142378402491911e+00,-1.569960016527849334e+01
3.694601205199302463e+00,-1.582470070854129673e+01
3.720236681413067625e+00,-1.595102881203997924e+01
3.746050032748993175e+00,-1.607860124721822004e+01
3.772042493416997377e+00,-1.620743509934203885e+01
3.798215306190734442e+00,-1.633754777461153651e+01
3.824569722466999000e+00,-1.646895700744812885e+01
3.851107002325570683e+00,-1.660168086796205955e+01
3.877828414589457484e+00,-1.673573776960433079e+01
3.904735236885560123e+00,-1.687114647700753167e+01
3.931828755705768064e+00,-1.700792611402023979e+01
3.959110266468458761e+00,-1.714609617193942981e+01
3.986581073580441004e+00,-1.728567651794575966e+01
4.014242490499322358e+00,-1.742668740374640635e+01
4.042095839796307821e+00,-1.756914947443040376e+01
4.070142453219436796e+00,-1.771308377754123597e+01
4.098383671757261482e+00,-1.785851177237188736e+01
4.126820845702954266e+00,-1.800545533948711707e+01
4.155455334718875626e+00,-1.815393679047835107e+01
4.184288507901582577e+00,-1.830397887795612988e+01
4.213321743847286527e+00,-1.845560480578540208e+01
4.242556430717777438e+00,-1.860883823956891803e+01
4.271993966306778745e+00,-1.876370331738381481e+01
4.301635758106795215e+00,-1.892022466077698439e+01
4.331483223376400460e+00,-1.907842738602424149e+01
4.361537789208003169e+00,-1.923833711565877991e+01
4.391800892596085859e+00,-1.939997999027414721e+01
4.422273980505899260e+00,-1.956338268060689956e+01
4.452958509942654963e+00,-1.972857239990447553e+01
4.483855948021188809e+00,-1.989557691658318817e+01
4.514967772036099447e+00,-2.006442456718150069e+01
4.546295469532399380e+00,-2.023514426961390456e+01
4.577840538376618973e+00,-2.040776553672985827e+01
4.609604486828433600e+00,-2.058231849018298121e+01
4.641588833612779297e+00,-2.075883387461500718e+01
4.673795107992461340e+00,-2.093734307215890311e+01
4.706224849841281532e+00,-2.111787811726554054e+01
4.738879609717653096e+00,-2.130047171185775667e+01
4.771760948938745805e+00,-2.148515724081572387e+01
4.804870439655131165e+00,-2.167196878779701308e+01
4.838209664925955167e+00,-2.186094115139421490e+01
4.871780218794630635e+00,-2.205210986163316633e+01
4.905583706365048258e+00,-2.224551119681359523e+01
4.939621743878320537e+00,-2.244118220069412573e+01
4.973895958790064853e+00,-2.263916070002287029e+01
5.008407989848209674e+00,-2.283948532241390339e+01
5.043159487171358535e+00,-2.304219551456969839e+01
5.078152112327673606e+00,-2.324733156084842989e+01
5.113387538414325917e+00,-2.345493460217453574e+01
5.148867450137495361e+00,-2.366504665528984930e+01
5.184593543892910716e+00,-2.387771063234151114e+01
5.220567527846974976e+00,-2.409297036080202403e+01
5.256791122018421802e+00,-2.431087060371526576e+01
5.293266058360561743e+00,-2.453145708026128347e+01
5.329994080844090654e+00,-2.475477648663092367e+01
5.366976945540476329e+00,-2.498087651720001290e+01
5.404216420705915347e+00,-2.520980588599095285e+01
5.441714286865890315e+00,-2.544161434840766489e+01
5.479472336900286678e+00,-2.567635272322782924e+01
5.517492376129125908e+00,-2.591407291483430342e+01
5.555776222398877806e+00,-2.615482793566480879e+01
5.594325706169377632e+00,-2.639867192885672864e+01
5.633142670601354318e+00,-2.664566019106090877e+01
5.672228971644543094e+00,-2.689584919539499808e+01
5.711586478126432276e+00,-2.714929661450418052e+01
5.751217071841614015e+00,-2.740606134369290459e+01
5.791122647641758547e+00,-2.766620352408778416e+01
5.831305113526221717e+00,-2.792978456578757118e+01
5.871766390733255570e+00,-2.819686717095142114e+01
5.912508413831877974e+00,-2.846751535677214662e+01
5.953533130814370189e+00,-2.874179447827581768e+01
5.994842503189408589e+00,-2.901977125088338383e+01
6.036438506075866961e+00,-2.930151377266432178e+01
6.078323128297229871e+00,-2.958709154620519399e+01
6.120498372476699700e+00,-2.987657550001031481e+01
6.162966255132942273e+00,-3.017003800934280733e+01
6.205728806776500406e+00,-3.046755291640802454e+01
6.248788072006891348e+00,-3.076919554977161653e+01
6.292146109610343707e+00,-3.107504274289610535e+01
6.335804992658251145e+00,-3.138517285167045401e+01
6.379766808606282424e+00,-3.169966577079635428e+01
6.424033659394190465e+00,-3.201860294888452785e+01
6.468607661546323939e+00,-3.234206740210257891e+01
6.513490946272802340e+00,-3.267014372620371176e+01
6.558685659571431792e+00,-3.300291810675292936e+01
6.604193962330305645e+00,-3.334047832735320327e+01
6.650018030431118277e+00,-3.368291377565980582e+01
6.696160054853218746e+00,-3.403031544695598853e+01
6.742622241778342129e+00,-3.438277594504624801e+01
6.789406812696109128e+00,-3.474038948020798756e+01
6.836516004510238886e+00,-3.510325186392282859e+01
6.883952069645496330e+00,-3.547146050009203577e+01
6.931717276155404228e+00,-3.584511437242004206e+01
6.979813907830660469e+00,-3.622431402763005792e+01
7.028244264308349365e+00,-3.660916155415569762e+01
7.077010661181889262e+00,-3.699976055592969715e+01
7.126115430111745752e+00,-3.739621612086948943e+01
7.175560918936924715e+00,-3.779863478363606077e+01
7.225349491787214085e+00,-3.820712448221919288e+01
7.275483529196228538e+00,-3.862179450787832735e+01
7.325965428215230446e+00,-3.904275544794460018e+01
7.376797602527734199e+00,-3.947011912096449038e+01
7.427982482564914335e+00,-3.990399850364247669e+01
7.479522515621821022e+00,-4.034450764901531983e+01
7.531420165974371805e+00,-4.079176159526731738e+01
7.583677914997190683e+00,-4.124587626457390854e+01
7.636298261282245647e+00,-4.170696835133858116e+01
7.689283720758309570e+00,-4.217515519916837974e+01
7.742636826811269302e+00,-4.265055466591569910e+01
7.796360130405233235e+00,-4.313328497609670364e+01
7.850456200204509294e+00,-4.362346455998555683e+01
7.904927622696424017e+00,-4.412121187867261085e+01
7.959777002314981864e+00,-4.462664523436984609e+01
8.015006961565404708e+00,-4.513988256524596920e+01
8.070620141149502658e+00,-4.566104122407755028e+01
8.126619200091946382e+00,-4.619023774001470173e+01
8.183006815867393868e+00,-4.672758756277635683e+01
8.239785684528515119e+00,-4.727320478861735609e+01
8.296958520834905926e+00,-4.782720186744398205e+01
8.354528058382866718e+00,-4.838968929049968182e+01
8.412497049736117560e+00,-4.896077525809929654e+01
8.470868266557406656e+00,-4.954056532695805259e+01
8.529644499741021235e+00,-5.012916203674308946e+01
8.588828559546250574e+00,-5.072666451557189760e+01
8.648423275731722981e+00,-5.133316806429231605e+01
8.708431497690723333e+00,-5.194876371950829252e+01
8.768856094587430761e+00,-5.257353779545918115e+01
8.829699955494087149e+00,-5.320757140502539073e+01
8.890965989529158620e+00,-5.385093996031531560e+01
8.952657125996395848e+00,-5.450371265349016880e+01
9.014776314524917566e+00,-5.516595191870709414e+01
9.077326525210228425e+00,-5.583771287630072777e+01
9.140310748756228065e+00,-5.651904276058694165e+01
9.203731996618220279e+00,-5.720998033295218477e+01
9.267593301146877849e+00,-5.791055528219008863e+01
9.331897715733239451e+00,-5.862078761436283258e+01
9.396648314954695991e+00,-5.934068703479302087e+01
9.461848194721996563e+00,-6.007025232513266388e+01
9.527500472427290035e+00,-6.080947071880513022e+01
9.593608287093141840e+00,-6.155831727846767620e+01
9.660174799522645017e+00,-6.231675427949778623e+01
9.727203192450541991e+00,-6.308473060385049536e+01
9.794696670695396179e+00,-6.386218114897133802e+01
9.862658461312820535e+00,-6.464902625676661785e+01
9.931091813749794994e+00,-6.544517116792383149e+01
1.000000000000000000e+01,-6.625050550713325492e+01
1.006938631476027091e+01,-6.706490280498051959e+01
1.013925407558815373e+01,-6.788822006244589602e+01
1.020960662306046451e+01,-6.872029736405437461e+01
1.028044732093309754e+01,-6.956095754576806200e+01
1.035177955630176250e+01,-7.041000592367342392e+01
1.042360673976401131e+01,-7.126723008941092985e+01
1.049593230558227752e+01,-7.213239977808535741e+01
1.056875971184804008e+01,-7.300526681410438812e+01
1.064209244064724658e+01,-7.388556513999985498e+01
1.071593399822671167e+01,-7.477301093278907729e+01
1.079028791516183539e+01,-7.566730281184742068e+01
1.086515774652538369e+01,-7.656812214156553864e+01
1.094054707205742361e+01,-7.747513343128366614e+01
1.101645949633656940e+01,-7.838798483412375617e+01
1.109289864895222699e+01,-7.930630874538501018e+01
1.116986818467822573e+01,-8.022972250015969564e+01
1.124737178364751955e+01,-8.115782916875031106e+01
1.132541315152811556e+01,-8.209021844737003448e+01
1.140399601970033139e+01,-8.302646764048716932e+01
1.148312414543511117e+01,-8.396614273005002360e+01
1.156280131207375383e+01,-8.490879952574054812e+01
1.164303132920876749e+01,-8.585398488934580996e+01
1.172381803286598512e+01,-8.680123802535455013e+01
1.180516528568805512e+01,-8.775009182898712368e+01
1.188707697711903322e+01,-8.870007428206695010e+01
1.196955702359042739e+01,-8.965070988647816819e+01
1.205260936870842592e+01,-9.060152112441274141e+01
1.213623798344240612e+01,-9.155202993423176849e+01
1.222044686631488730e+01,-9.250175919054049700e+01
1.230524004359261525e+01,-9.345023417701139579e+01
1.239062156947915661e+01,-9.439698404060173687e+01
1.247659552630869761e+01,-9.534154321607135785e+01
1.256316602474120181e+01,-9.628345281013734791e+01
1.265033720395903849e+01,-9.722226193517134618e+01
1.273811323186478539e+01,-9.815752898304846497e+01
1.282649830528059809e+01,-9.908882283058710527e+01
1.291549665014884063e+01,-1.000157239689366264e+02
1.300511252173408572e+01,-1.009378255502800812e+02
1.309535020482667633e+01,-1.018547343462848147e+02
1.318621401394748460e+01,-1.027660716138333328e+02
1.327770829355429072e+01,-1.036714738646951730e+02
1.336983741824946570e+01,-1.045705935369132078e+02
1.346260579298909654e+01,-1.054630995667770321e+02
1.355601785329368880e+01,-1.063486778613133197e+02
1.365007806546013747e+01,-1.072270316722177057e+02
1.374479092677536585e+01,-1.080978818730908699e+02
1.384016096573131627e+01,-1.089609671426838560e+02
1.393619274224142046e+01,-1.098160440576230883e+02
1.403289084785873087e+01,-1.106628870987512983e+02
1.413025990599533621e+01,-1.115012885757811745e+02
1.422830457214351974e+01,-1.123310584754337640e+02
1.432702953409831004e+01,-1.131520242385916504e+02
1.442643951218157383e+01,-1.139640304722727819e+02
1.452653925946781222e+01,-1.147669386024074782e+02
1.462733356201129808e+01,-1.155606264734888668e+02
1.472882723907501834e+01,-1.163449879011834867e+02
1.483102514336104427e+01,-1.171199321839226570e+02
1.493393216124251843e+01,-1.178853835793719327e+02
1.503755321299738412e+01,-1.186412807514961401e+02
1.514189325304351996e+01,-1.193875761937030120e+02
1.524695727017574498e+01,-1.201242356332887056e+02
1.535275028780422701e+01,-1.208512374220994730e+02
1.545927736419476872e+01,-1.215685719180110738e+02
1.556654359271061949e+01,-1.222762408614797636e+02
1.567455410205595001e+01,-1.229742567510741935e+02
1.578331405652118136e+01,-1.236626422215445018e+02
1.589282865622977958e+01,-1.243414294276280998e+02
1.600310313738700074e+01,-1.250106594364504673e+02
1.611414277253019733e+01,-1.256703816310359656e+02
1.622595287078087267e+01,-1.263206531271219575e+02
1.633853877809861999e+01,-1.269615382051575381e+02
1.645190587753662470e+01,-1.275931077590729501e+02
1.656605958949913671e+01,-1.282154387631332497e+02
1.668100537200059108e+01,-1.288286137579295030e+02
1.679674872092653004e+01,-1.294327203563269109e+02
1.691329517029648599e+01,-1.300278507699721331e+02
1.703065029252844198e+01,-1.306141013567624611e+02
1.714881969870539180e+01,-1.311915721895062177e+02
1.726780903884355922e+01,-1.317603666458408611e+02
1.738762400216250370e+01,-1.323205910193372858e+02
1.750827031735725114e+01,-1.328723541515949478e+02
1.762975375287205893e+01,-1.334157670850234467e+02
1.775208011717634093e+01,-1.339509427359175220e+02
1.787525525904235479e+01,-1.344779955873504775e+02
1.799928506782476489e+01,-1.349970414013489233e+02
1.812417547374237614e+01,-1.355081969497584851e+02
1.824993244816152327e+01,-1.360115797631652299e+02
1.837656200388170546e+01,-1.365073078972089036e+02
1.850407019542302223e+01,-1.369954997155961962e+02
1.863246311931559873e+01,-1.374762736891097461e+02
1.876174691439121389e+01,-1.379497482098976491e+02
1.889192776207666213e+01,-1.384160414203245750e+02
1.902301188668943865e+01,-1.388752710556700833e+02
1.915500555573527919e+01,-1.393275542999638503e+02
1.928791508020777812e+01,-1.397730076542593451e+02
1.942174681489026611e+01,-1.402117468166625542e+02
1.955650715865949252e+01,-1.406438865734449735e+02
1.969220255479171300e+01,-1.410695407005940467e+02
1.982883949127071332e+01,-1.414888218751700890e+02
1.996642450109793288e+01,-1.419018415958630897e+02
2.010496416260498975e+01,-1.423087101121655564e+02
2.024446509976803910e+01,-1.427095363615995041e+02
2.038493398252462185e+01,-1.431044279144623204e+02
2.052637752709252084e+01,-1.434934909255773050e+02
2.066880249629081945e+01,-1.438768300925614767e+02
2.081221569986339404e+01,-1.442545486201466929e+02
2.095662399480432825e+01,-1.446267481901118117e+02
2.110203428568594219e+01,-1.449935289364107405e+02
2.124845352498882889e+01,-1.453549894251000580e+02
2.139588871343421417e+01,-1.457112266386938302e+02
2.154434690031884614e+01,-1.460623359645963149e+02
2.169383518385184217e+01,-1.464084111872792846e+02
2.184436071149426084e+01,-1.467495444838965000e+02
2.199593068030074861e+01,-1.470858264230415386e+02
2.214855233726359174e+01,-1.474173459663773826e+02
2.230223297965938656e+01,-1.477441904728825364e+02
2.245697995539773828e+01,-1.480664457054728871e+02
2.261280066337277361e+01,-1.483841958397791814e+02
2.276970255381679920e+01,-1.486975234748696835e+02
2.292769312865648601e+01,-1.490065096457257425e+02
2.308677994187169702e+01,-1.493112338372903309e+02
2.324697059985647840e+01,-1.496117739999212120e+02
2.340827276178291783e+01,-1.499082065660945204e+02
2.357069413996727647e+01,-1.502006064682143744e+02
2.373424250023866122e+01,-1.504890471573948219e+02
2.389892566231050353e+01,-1.507736006230924772e+02
2.406475150015424092e+01,-1.510543374134738315e+02
2.423172794237598282e+01,-1.513313266564145465e+02
2.439986297259550341e+01,-1.516046360810326519e+02
2.456916462982790250e+01,-1.518743320396670242e+02
2.473964100886814066e+01,-1.521404795302200625e+02
2.491130026067788350e+01,-1.524031422187888722e+02
2.508415059277538717e+01,-1.526623824625171437e+02
2.525820026962784581e+01,-1.529182613326043736e+02
2.543345761304648178e+01,-1.531708386374153292e+02
2.560993100258459521e+01,-1.534201729456382282e+02
2.578762887593800812e+01,-1.536663216094433437e+02
2.596655972934869894e+01,-1.539093407875997173e+02
2.614673211801092023e+01,-1.541492854685106977e+02
2.632815465648020137e+01,-1.543862094931332649e+02
2.651083601908538867e+01,-1.546201655777499298e+02
2.669478494034320804e+01,-1.548512053365638508e+02
2.688001021537604629e+01,-1.550793793040930950e+02
2.706652070033241131e+01,-1.553047369573403671e+02
2.725432531281027693e+01,-1.555273267377185960e+02
2.744343303228365372e+01,-1.557471960727150986e+02
2.763385290053169996e+01,-1.559643913972778648e+02
2.782559402207125743e+01,-1.561789581749117701e+02
2.801866556459195223e+01,-1.563909409184715287e+02
2.821307675939470627e+01,-1.566003832106431446e+02
2.840883690183304111e+01,-1.568073277241037431e+02
2.860595535175741944e+01,-1.570118162413542677e+02
2.880444153396297935e+01,-1.572138896742184500e+02
2.900430493863991543e+01,-1.574135880830036740e+02
2.920555512182745161e+01,-1.576109506953211223e+02
2.940820170587063842e+01,-1.578060159245613079e+02
2.961225437988034415e+01,-1.579988213880250214e+02
2.981772290019673477e+01,-1.581894039247079888e+02
3.002461709085549302e+01,-1.583777996127396364e+02
3.023294684405776422e+01,-1.585640437864766454e+02
3.044272212064302607e+01,-1.587481710532526620e+02
3.065395295056526592e+01,-1.589302153097857229e+02
3.086664943337274636e+01,-1.591102097582462989e+02
3.108082173869063780e+01,-1.592881869219879434e+02
3.129648010670750580e+01,-1.594641786609447536e+02
3.151363484866479325e+01,-1.596382161866980027e+02
3.173229634734976301e+01,-1.598103300772166051e+02
3.195247505759213524e+01,-1.599805502912751649e+02
3.217418150676371624e+01,-1.601489061825539295e+02
3.239742629528195295e+01,-1.603154265134253365e+02
3.262222009711669557e+01,-1.604801394684314175e+02
3.284857366030043835e+01,-1.606430726674574885e+02
3.307649780744242207e+01,-1.608042531786067002e+02
3.330600343624588788e+01,-1.609637075307803400e+02
3.353710152002928879e+01,-1.611214617259697093e+02
3.376980310825091181e+01,-1.612775412512640969e+02
3.400411932703705986e+01,-1.614319710905801912e+02
3.424006137971425545e+01,-1.615847757361188428e+02
3.447764054734464167e+01,-1.617359791995535261e+02
3.471686818926559681e+01,-1.618856050229567245e+02
3.495775574363275240e+01,-1.620336762894686444e+02
3.520031472796679139e+01,-1.621802156337143970e+02
3.544455673970435328e+01,-1.623252452519742803e+02
3.569049345675229290e+01,-1.624687869121128756e+02
3.593813663804625946e+01,-1.626108619632714181e+02
3.618749812411280686e+01,-1.627514913453296970e+02
3.643858983763544757e+01,-1.628906955981411215e+02
3.669142378402494131e+01,-1.630284948705477461e+02
3.694601205199302285e+01,-1.631649089291781820e+02
3.720236681413065583e+01,-1.632999571670354726e+02
3.746050032748993175e+01,-1.634336586118775188e+02
3.772042493416997644e+01,-1.635660319343970173e+02
3.798215306190736129e+01,-1.636970954562038116e+02
3.824569722466998911e+01,-1.638268671576150268e+02
3.851107002325569084e+01,-1.639553646852580187e+02
3.877828414589457395e+01,-1.640826053594893494e+02
3.904735236885559857e+01,-1.642086061816351332e+02
3.931828755705770106e+01,-1.643333838410567296e+02
3.959110266468458406e+01,-1.644569547220460777e+02
3.986581073580438783e+01,-1.645793349105544792e+02
4.014242490499322003e+01,-1.647005402007591215e+02
4.042095839796306223e+01,-1.648205861014714628e+02
4.070142453219438750e+01,-1.649394878423910313e+02
4.098383671757261482e+01,-1.650572603802081915e+02
4.126820845702951601e+01,-1.651739184045605953e+02
4.155455334718875093e+01,-1.652894763438457062e+02
4.184288507901580090e+01,-1.654039483708937439e+02
4.213321743847289014e+01,-1.655173484085042332e+02
4.242556430717777260e+01,-1.656296901348494544e+02
4.271993966306776969e+01,-1.657409869887485172e+02
4.301635758106795038e+01,-1.658512521748147037e+02
4.331483223376398684e+01,-1.659604986684795449e+02
4.361537789208005478e+01,-1.660687392208970721e+02
4.391800892596086214e+01,-1.661759863637301464e+02
4.422273980505897129e+01,-1.662822524138233860e+02
4.452958509942655496e+01,-1.663875494777639972e+02
4.483855948021186322e+01,-1.664918894563342349e+02
4.514967772036101934e+01,-1.665952840488581330e+02
4.546295469532399380e+01,-1.666977447574447240e+02
4.577840538376616308e+01,-1.667992828911309289e+02
4.609604486828433778e+01,-1.668999095699260238e+02
4.641588833612777165e+01,-1.669996357287606941e+02
4.673795107992463471e+01,-1.670984721213427235e+02
4.706224849841281355e+01,-1.671964293239219614e+02
4.738879609717650965e+01,-1.672935177389663863e+02
4.771760948938745628e+01,-1.673897475987521091e+02
4.804870439655129388e+01,-1.674851289688687928e+02
4.838209664925957298e+01,-1.675796717516435024e+02
4.871780218794631168e+01,-1.676733856894838368e+02
4.905583706365045771e+01,-1.677662803681436969e+02
4.939621743878320359e+01,-1.678583652199124003e+02
4.973895958790062366e+01,-1.679496495267301555e+02
5.008407989848212338e+01,-1.680401424232306908e+02
5.043159487171358535e+01,-1.681298528997138817e+02
5.078152112327676093e+01,-1.682187898050491981e+02
5.113387538414325917e+01,-1.683069618495123905e+02
5.148867450137492341e+01,-1.683943776075569190e+02
5.184593543892913203e+01,-1.684810455205212634e+02
5.220567527846975509e+01,-1.685669738992745863e+02
5.256791122018424289e+01,-1.686521709268012614e+02
5.293266058360561033e+01,-1.687366446607269097e+02
5.329994080844087989e+01,-1.688204030357863985e+02
5.366976945540476152e+01,-1.689034538662357363e+02
5.404216420705915169e+01,-1.689858048482092556e+02
5.441714286865892802e+01,-1.690674635620233914e+02
5.479472336900287388e+01,-1.691484374744283059e+02
5.517492376129123244e+01,-1.692287339408082687e+02
5.555776222398877451e+01,-1.693083602073334646e+02
5.594325706169377810e+01,-1.693873234130622052e+02
5.633142670601357338e+01,-1.694656305919969554e+02
5.672228971644543805e+01,-1.695432886750936916e+02
5.711586478126429256e+01,-1.696203044922269783e+02
5.751217071841613659e+01,-1.696966847741105084e+02
5.791122647641758192e+01,-1.697724361541756082e+02
5.831305113526224915e+01,-1.698475651704079041e+02
5.871766390733255747e+01,-1.699220782671427799e+02
5.912508413831875487e+01,-1.699959817968219511e+02
5.953533130814370367e+01,-1.700692820217110182e+02
5.994842503189408944e+01,-1.701419851155789615e+02
6.036438506075869981e+01,-1.702140971653410304e+02
6.078323128297230227e+01,-1.702856241726659903e+02
6.120498372476696858e+01,-1.703565720555475878e+02
6.162966255132942450e+01,-1.704269466498422503e+02
6.205728806776500761e+01,-1.704967537107732483e+02
6.248788072006894367e+01,-1.705659989144022006e+02
6.292146109610344240e+01,-1.706346878590686060e+02
6.335804992658247414e+01,-1.707028260667986501e+02
6.379766808606282069e+01,-1.707704189846832321e+02
6.424033659394190465e+01,-1.708374719862266602e+02
6.468607661546327847e+01,-1.709039903726663852e+02
6.513490946272803228e+01,-1.709699793742644260e+02
6.558685659571428062e+01,-1.710354441515713972e+02
6.604193962330305112e+01,-1.711003897966632792e+02
6.650018030431118632e+01,-1.711648213343524105e+02
6.696160054853221766e+01,-1.712287437233724745e+02
6.742622241778342129e+01,-1.712921618575385594e+02
6.789406812696105931e+01,-1.713550805668826342e+02
6.836516004510238531e+01,-1.714175046187654914e+02
6.883952069645496863e+01,-1.714794387189649569e+02
6.931717276155407603e+01,-1.715408875127414206e+02
6.979813907830660469e+01,-1.716018555858813670e+02
7.028244264308345635e+01,-1.716623474657188524e+02
7.077010661181888906e+01,-1.717223676221359767e+02
7.126115430111745752e+01,-1.717819204685424666e+02
7.175560918936928090e+01,-1.718410103628351067e+02
7.225349491787214617e+01,-1.718996416083373617e+02
7.275483529196225163e+01,-1.719578184547197850e+02
7.325965428215229736e+01,-1.720155450989010717e+02
7.376797602527730646e+01,-1.720728256859313774e+02
7.427982482564918598e+01,-1.721296643098571622e+02
7.479522515621820844e+01,-1.721860650145682996e+02
7.531420165974367364e+01,-1.722420317946283319e+02
7.583677914997190328e+01,-1.722975685960877854e+02
7.636298261282242095e+01,-1.723526793172809732e+02
7.689283720758312768e+01,-1.724073678096066544e+02
7.742636826811269657e+01,-1.724616378782932884e+02
7.796360130405228972e+01,-1.725154932831486008e+02
7.850456200204509116e+01,-1.725689377392945687e+02
7.904927622696420997e+01,-1.726219749178870870e+02
7.959777002314986305e+01,-1.726746084468221341e+02
8.015006961565404708e+01,-1.727268419114273286e+02
8.070620141149498750e+01,-1.727786788551398161e+02
8.126619200091946027e+01,-1.728301227801713651e+02
8.183006815867389605e+01,-1.728811771481593951e+02
8.239785684528519027e+01,-1.729318453808061804e+02
8.296958520834907347e+01,-1.729821308605047818e+02
8.354528058382862810e+01,-1.730320369309534385e+02
8.412497049736118981e+01,-1.730815668977571988e+02
8.470868266557401682e+01,-1.731307240290186087e+02
8.529644499741024788e+01,-1.731795115559165765e+02
8.588828559546249153e+01,-1.732279326732739264e+02
8.648423275731717297e+01,-1.732759905401143783e+02
8.708431497690723688e+01,-1.733236882802086143e+02
8.768856094587427208e+01,-1.733710289826097437e+02
8.829699955494092478e+01,-1.734180157021788489e+02
8.890965989529158264e+01,-1.734646514601002991e+02
8.952657125996400111e+01,-1.735109392443872878e+02
9.014776314524917211e+01,-1.735568820103778194e+02
9.077326525210223451e+01,-1.736024826812212893e+02
9.140310748756232329e+01,-1.736477441483559687e+02
9.203731996618220990e+01,-1.736926692719774223e+02
9.267593301146882823e+01,-1.737372608814981447e+02
9.331897715733238385e+01,-1.737815217759986979e+02
9.396648314954690306e+01,-1.738254547246703510e+02
9.461848194722001892e+01,-1.738690624672495062e+02
9.527500472427290390e+01,-1.739123477144439960e+02
9.593608287093147169e+01,-1.739553131483517916e+02
9.660174799522646083e+01,-1.739979614228716116e+02
9.727203192450537017e+01,-1.740402951641062259e+02
9.794696670695395824e+01,-1.740823169707583133e+02
9.862658461312820180e+01,-1.741240294145190717e+02
9.931091813749800679e+01,-1.741654350404496938e+02
1.000000000000000000e+02,-1.742065363673560796e+02
