1.000000 0.212958
1.010000 0.222718
1.020000 0.232456
1.030000 0.242170
1.040000 0.251860
1.050000 0.261525
1.060000 0.271164
1.070000 0.280775
1.080000 0.290359
1.090000 0.299913
1.100000 0.309438
1.110000 0.318931
1.120000 0.328393
1.130000 0.337822
1.140000 0.347217
1.150000 0.356577
1.160000 0.365902
1.170000 0.375190
1.180000 0.384441
1.190000 0.393653
1.200000 0.402826
1.210000 0.411958
1.220000 0.421049
1.230000 0.430098
1.240000 0.439105
1.250000 0.448067
1.260000 0.456984
1.270000 0.465856
1.280000 0.474681
1.290000 0.483459
1.300000 0.492188
1.310000 0.500868
1.320000 0.509498
1.330000 0.518078
1.340000 0.526605
1.350000 0.535079
1.360000 0.543501
1.370000 0.551867
1.380000 0.560179
1.390000 0.568435
1.400000 0.576633
1.410000 0.584774
1.420000 0.592857
1.430000 0.600880
1.440000 0.608843
1.450000 0.616746
1.460000 0.624586
1.470000 0.632365
1.480000 0.640080
1.490000 0.647731
1.500000 0.655317
1.510000 0.662837
1.520000 0.670292
1.530000 0.677679
1.540000 0.684999
1.550000 0.692250
1.560000 0.699432
1.570000 0.706543
1.580000 0.713585
1.590000 0.720555
1.600000 0.727452
1.610000 0.734278
1.620000 0.741029
1.630000 0.747707
1.640000 0.754310
1.650000 0.760837
1.660000 0.767288
1.670000 0.773663
1.680000 0.779960
1.690000 0.786179
1.700000 0.792320
1.710000 0.798381
1.720000 0.804363
1.730000 0.810264
1.740000 0.816084
1.750000 0.821822
1.760000 0.827478
1.770000 0.833052
1.780000 0.838542
1.790000 0.843948
1.800000 0.849270
1.810000 0.854507
1.820000 0.859659
1.830000 0.864725
1.840000 0.869704
1.850000 0.874596
1.860000 0.879401
1.870000 0.884117
1.880000 0.888746
1.890000 0.893285
1.900000 0.897735
1.910000 0.902096
1.920000 0.906366
1.930000 0.910546
1.940000 0.914634
1.950000 0.918631
1.960000 0.922536
1.970000 0.926349
1.980000 0.930069
1.990000 0.933697
2.000000 0.937231
2.010000 0.940671
2.020000 0.944017
2.030000 0.947269
2.040000 0.950426
2.050000 0.953488
2.060000 0.956454
2.070000 0.959325
2.080000 0.962100
2.090000 0.964779
2.100000 0.967361
2.110000 0.969847
2.120000 0.972236
2.130000 0.974527
2.140000 0.976721
2.150000 0.978817
2.160000 0.980816
2.170000 0.982716
2.180000 0.984518
2.190000 0.986221
2.200000 0.987826
2.210000 0.989333
2.220000 0.990740
2.230000 0.992048
2.240000 0.993257
2.250000 0.994367
2.260000 0.995377
2.270000 0.996288
2.280000 0.997099
2.290000 0.997810
2.300000 0.998422
2.310000 0.998933
2.320000 0.999345
2.330000 0.999657
2.340000 0.999869
2.350000 0.999981
2.360000 0.999993
2.370000 0.999905
2.380000 0.999717
2.390000 0.999429
2.400000 0.999041
2.410000 0.998553
2.420000 0.997965
2.430000 0.997278
2.440000 0.996490
2.450000 0.995603
2.460000 0.994617
2.470000 0.993531
2.480000 0.992346
2.490000 0.991061
2.500000 0.989678
2.510000 0.988195
2.520000 0.986614
2.530000 0.984934
2.540000 0.983155
2.550000 0.981278
2.560000 0.979303
2.570000 0.977231
2.580000 0.975060
2.590000 0.972792
2.600000 0.970426
2.610000 0.967964
2.620000 0.965405
2.630000 0.962749
2.640000 0.959997
2.650000 0.957149
2.660000 0.954205
2.670000 0.951166
2.680000 0.948031
2.690000 0.944802
2.700000 0.941479
2.710000 0.938061
2.720000 0.934549
2.730000 0.930944
2.740000 0.927246
2.750000 0.923456
2.760000 0.919572
2.770000 0.915597
2.780000 0.911531
2.790000 0.907373
2.800000 0.903124
2.810000 0.898785
2.820000 0.894357
2.830000 0.889838
2.840000 0.885231
2.850000 0.880536
2.860000 0.875752
2.870000 0.870880
2.880000 0.865922
2.890000 0.860877
2.900000 0.855746
2.910000 0.850529
2.920000 0.845228
2.930000 0.839841
2.940000 0.834371
2.950000 0.828817
2.960000 0.823181
2.970000 0.817462
2.980000 0.811661
2.990000 0.805780
3.000000 0.799817
3.010000 0.793775
3.020000 0.787653
3.030000 0.781453
3.040000 0.775174
3.050000 0.768818
3.060000 0.762385
3.070000 0.755876
3.080000 0.749291
3.090000 0.742631
3.100000 0.735897
3.110000 0.729090
3.120000 0.722209
3.130000 0.715256
3.140000 0.708232
3.150000 0.701137
3.160000 0.693972
3.170000 0.686737
3.180000 0.679434
3.190000 0.672063
3.200000 0.664624
3.210000 0.657119
3.220000 0.649549
3.230000 0.641913
3.240000 0.634213
3.250000 0.626450
3.260000 0.618625
3.270000 0.610737
3.280000 0.602788
3.290000 0.594779
3.300000 0.586711
3.310000 0.578583
3.320000 0.570398
3.330000 0.562156
3.340000 0.553858
3.350000 0.545504
3.360000 0.537096
3.370000 0.528634
3.380000 0.520119
3.390000 0.511553
3.400000 0.502935
3.410000 0.494266
3.420000 0.485549
3.430000 0.476783
3.440000 0.467969
3.450000 0.459108
3.460000 0.450201
3.470000 0.441250
3.480000 0.432254
3.490000 0.423215
3.500000 0.414134
3.510000 0.405011
3.520000 0.395848
3.530000 0.386645
3.540000 0.377403
3.550000 0.368124
3.560000 0.358808
3.570000 0.349456
3.580000 0.340070
3.590000 0.330649
3.600000 0.321195
3.610000 0.311709
3.620000 0.302192
3.630000 0.292644
3.640000 0.283067
3.650000 0.273462
3.660000 0.263830
3.670000 0.254171
3.680000 0.244487
3.690000 0.234779
3.700000 0.225047
3.710000 0.215292
3.720000 0.205516
3.730000 0.195719
3.740000 0.185903
3.750000 0.176068
3.760000 0.166216
3.770000 0.156347
3.780000 0.146462
3.790000 0.136563
3.800000 0.126650
3.810000 0.116724
3.820000 0.106787
3.830000 0.096839
3.840000 0.086881
3.850000 0.076915
3.860000 0.066941
3.870000 0.056960
3.880000 0.046974
3.890000 0.036982
3.900000 0.026988
3.910000 0.016990
3.920000 0.006991
3.930000 -0.003009
3.940000 -0.013009
3.950000 -0.023007
3.960000 -0.033003
3.970000 -0.042996
3.980000 -0.052984
3.990000 -0.062967
4.000000 -0.072944
4.010000 -0.082914
4.020000 -0.092875
4.030000 -0.102827
4.040000 -0.112769
4.050000 -0.122699
4.060000 -0.132617
4.070000 -0.142522
4.080000 -0.152413
4.090000 -0.162288
4.100000 -0.172147
4.110000 -0.181989
4.120000 -0.191813
4.130000 -0.201618
4.140000 -0.211402
4.150000 -0.221165
4.160000 -0.230906
4.170000 -0.240624
4.180000 -0.250318
4.190000 -0.259987
4.200000 -0.269630
4.210000 -0.279246
4.220000 -0.288834
4.230000 -0.298394
4.240000 -0.307923
4.250000 -0.317422
4.260000 -0.326888
4.270000 -0.336322
4.280000 -0.345723
4.290000 -0.355089
4.300000 -0.364419
4.310000 -0.373713
4.320000 -0.382970
4.330000 -0.392188
4.340000 -0.401367
4.350000 -0.410506
4.360000 -0.419604
4.370000 -0.428660
4.380000 -0.437673
4.390000 -0.446642
4.400000 -0.455567
4.410000 -0.464446
4.420000 -0.473279
4.430000 -0.482064
4.440000 -0.490801
4.450000 -0.499489
4.460000 -0.508127
4.470000 -0.516715
4.480000 -0.525250
4.490000 -0.533733
4.500000 -0.542163
4.510000 -0.550539
4.520000 -0.558859
4.530000 -0.567123
4.540000 -0.575331
4.550000 -0.583482
4.560000 -0.591574
4.570000 -0.599606
4.580000 -0.607579
4.590000 -0.615491
4.600000 -0.623342
4.610000 -0.631130
4.620000 -0.638855
4.630000 -0.646516
4.640000 -0.654113
4.650000 -0.661644
4.660000 -0.669109
4.670000 -0.676507
4.680000 -0.683837
4.690000 -0.691099
4.700000 -0.698292
4.710000 -0.705416
4.720000 -0.712468
4.730000 -0.719449
4.740000 -0.726359
4.750000 -0.733195
4.760000 -0.739959
4.770000 -0.746648
4.780000 -0.753263
4.790000 -0.759802
4.800000 -0.766266
4.810000 -0.772653
4.820000 -0.778962
4.830000 -0.785194
4.840000 -0.791347
4.850000 -0.797421
4.860000 -0.803415
4.870000 -0.809329
4.880000 -0.815162
4.890000 -0.820914
4.900000 -0.826583
4.910000 -0.832170
4.920000 -0.837673
4.930000 -0.843093
4.940000 -0.848428
4.950000 -0.853679
4.960000 -0.858844
4.970000 -0.863924
4.980000 -0.868917
4.990000 -0.873823
5.000000 -0.878641
5.010000 -0.883372
5.020000 -0.888015
5.030000 -0.892568
5.040000 -0.897033
5.050000 -0.901407
5.060000 -0.905692
5.070000 -0.909886
5.080000 -0.913989
5.090000 -0.918001
5.100000 -0.921920
5.110000 -0.925748
5.120000 -0.929483
5.130000 -0.933125
5.140000 -0.936674
5.150000 -0.940129
5.160000 -0.943490
5.170000 -0.946757
5.180000 -0.949929
5.190000 -0.953006
5.200000 -0.955988
5.210000 -0.958874
5.220000 -0.961665
5.230000 -0.964359
5.240000 -0.966956
5.250000 -0.969458
5.260000 -0.971862
5.270000 -0.974168
5.280000 -0.976378
5.290000 -0.978490
5.300000 -0.980504
5.310000 -0.982420
5.320000 -0.984237
5.330000 -0.985957
5.340000 -0.987577
5.350000 -0.989099
5.360000 -0.990522
5.370000 -0.991846
5.380000 -0.993071
5.390000 -0.994197
5.400000 -0.995223
5.410000 -0.996149
5.420000 -0.996976
5.430000 -0.997703
5.440000 -0.998331
5.450000 -0.998858
5.460000 -0.999286
5.470000 -0.999614
5.480000 -0.999842
5.490000 -0.999970
5.500000 -0.999998
5.510000 -0.999925
5.520000 -0.999753
5.530000 -0.999481
5.540000 -0.999109
5.550000 -0.998637
5.560000 -0.998065
5.570000 -0.997394
5.580000 -0.996622
5.590000 -0.995751
5.600000 -0.994781
5.610000 -0.993711
5.620000 -0.992541
5.630000 -0.991273
5.640000 -0.989905
5.650000 -0.988438
5.660000 -0.986872
5.670000 -0.985208
5.680000 -0.983445
5.690000 -0.981584
5.700000 -0.979625
5.710000 -0.977567
5.720000 -0.975412
5.730000 -0.973160
5.740000 -0.970810
5.750000 -0.968363
5.760000 -0.965819
5.770000 -0.963178
5.780000 -0.960442
5.790000 -0.957609
5.800000 -0.954680
5.810000 -0.951656
5.820000 -0.948537
5.830000 -0.945323
5.840000 -0.942014
5.850000 -0.938612
5.860000 -0.935115
5.870000 -0.931525
5.880000 -0.927842
5.890000 -0.924065
5.900000 -0.920197
5.910000 -0.916237
5.920000 -0.912184
5.930000 -0.908041
5.940000 -0.903807
5.950000 -0.899482
5.960000 -0.895068
5.970000 -0.890564
5.980000 -0.885971
5.990000 -0.881289
6.000000 -0.876520
6.010000 -0.871662
6.020000 -0.866718
6.030000 -0.861686
6.040000 -0.856569
6.050000 -0.851366
6.060000 -0.846078
6.070000 -0.840705
6.080000 -0.835248
6.090000 -0.829707
6.100000 -0.824084
6.110000 -0.818378
6.120000 -0.812591
6.130000 -0.806722
6.140000 -0.800772
6.150000 -0.794743
6.160000 -0.788634
6.170000 -0.782446
6.180000 -0.776179
6.190000 -0.769836
6.200000 -0.763415
6.210000 -0.756918
6.220000 -0.750345
6.230000 -0.743697
6.240000 -0.736975
6.250000 -0.730179
6.260000 -0.723310
6.270000 -0.716368
6.280000 -0.709356
6.290000 -0.702272
6.300000 -0.695118
6.310000 -0.687894
6.320000 -0.680602
6.330000 -0.673241
6.340000 -0.665813
6.350000 -0.658319
6.360000 -0.650759
6.370000 -0.643134
6.380000 -0.635444
6.390000 -0.627691
6.400000 -0.619875
6.410000 -0.611997
6.420000 -0.604058
6.430000 -0.596059
6.440000 -0.588000
6.450000 -0.579882
6.460000 -0.571706
6.470000 -0.563473
6.480000 -0.555183
6.490000 -0.546839
6.500000 -0.538439
6.510000 -0.529986
6.520000 -0.521479
6.530000 -0.512921
6.540000 -0.504311
6.550000 -0.495650
6.560000 -0.486940
6.570000 -0.478182
6.580000 -0.469376
6.590000 -0.460522
6.600000 -0.451623
6.610000 -0.442678
6.620000 -0.433690
6.630000 -0.424657
6.640000 -0.415583
6.650000 -0.406467
6.660000 -0.397310
6.670000 -0.388113
6.680000 -0.378878
6.690000 -0.369605
6.700000 -0.360294
6.710000 -0.350948
6.720000 -0.341567
6.730000 -0.332151
6.740000 -0.322703
6.750000 -0.313222
6.760000 -0.303709
6.770000 -0.294167
6.780000 -0.284595
6.790000 -0.274994
6.800000 -0.265366
6.810000 -0.255711
6.820000 -0.246031
6.830000 -0.236326
6.840000 -0.226598
6.850000 -0.216847
6.860000 -0.207074
6.870000 -0.197281
6.880000 -0.187468
6.890000 -0.177636
6.900000 -0.167786
6.910000 -0.157920
6.920000 -0.148037
6.930000 -0.138140
6.940000 -0.128229
6.950000 -0.118306
6.960000 -0.108370
6.970000 -0.098424
6.980000 -0.088468
6.990000 -0.078503
7.000000 -0.068530
7.010000 -0.058550
7.020000 -0.048564
7.030000 -0.038574
7.040000 -0.028580
7.050000 -0.018582
7.060000 -0.008583
7.070000 0.001417
7.080000 0.011416
7.090000 0.021415
7.100000 0.031411
7.110000 0.041405
7.120000 0.051394
7.130000 0.061378
7.140000 0.071356
7.150000 0.081327
7.160000 0.091289
7.170000 0.101243
7.180000 0.111186
7.190000 0.121118
7.200000 0.131039
7.210000 0.140946
7.220000 0.150839
7.230000 0.160716
7.240000 0.170578
7.250000 0.180423
7.260000 0.190250
7.270000 0.200057
7.280000 0.209845
7.290000 0.219612
7.300000 0.229357
7.310000 0.239078
7.320000 0.248776
7.330000 0.258449
7.340000 0.268096
7.350000 0.277717
7.360000 0.287309
7.370000 0.296873
7.380000 0.306407
7.390000 0.315911
7.400000 0.325383
7.410000 0.334822
7.420000 0.344228
7.430000 0.353600
7.440000 0.362936
7.450000 0.372236
7.460000 0.381498
7.470000 0.390723
7.480000 0.399908
7.490000 0.409053
7.500000 0.418158
7.510000 0.427221
7.520000 0.436241
7.530000 0.445217
7.540000 0.454149
7.550000 0.463035
7.560000 0.471875
7.570000 0.480668
7.580000 0.489413
7.590000 0.498109
7.600000 0.506755
7.610000 0.515350
7.620000 0.523894
7.630000 0.532386
7.640000 0.540824
7.650000 0.549208
7.660000 0.557538
7.670000 0.565811
7.680000 0.574028
7.690000 0.582187
7.700000 0.590289
7.710000 0.598331
7.720000 0.606313
7.730000 0.614235
7.740000 0.622096
7.750000 0.629894
7.760000 0.637629
7.770000 0.645300
7.780000 0.652907
7.790000 0.660449
7.800000 0.667925
7.810000 0.675333
7.820000 0.682675
7.830000 0.689948
7.840000 0.697151
7.850000 0.704286
7.860000 0.711350
7.870000 0.718342
7.880000 0.725263
7.890000 0.732111
7.900000 0.738887
7.910000 0.745588
7.920000 0.752215
7.930000 0.758766
7.940000 0.765242
7.950000 0.771641
7.960000 0.777963
7.970000 0.784207
7.980000 0.790372
7.990000 0.796459
8.000000 0.802466
8.010000 0.808393
8.020000 0.814239
8.030000 0.820003
8.040000 0.825686
8.050000 0.831286
8.060000 0.836802
8.070000 0.842235
8.080000 0.847584
8.090000 0.852849
8.100000 0.858027
8.110000 0.863120
8.120000 0.868127
8.130000 0.873047
8.140000 0.877880
8.150000 0.882625
8.160000 0.887281
8.170000 0.891849
8.180000 0.896328
8.190000 0.900717
8.200000 0.905016
8.210000 0.909224
8.220000 0.913342
8.230000 0.917368
8.240000 0.921302
8.250000 0.925145
8.260000 0.928895
8.270000 0.932551
8.280000 0.936115
8.290000 0.939585
8.300000 0.942961
8.310000 0.946243
8.320000 0.949430
8.330000 0.952523
8.340000 0.955520
8.350000 0.958421
8.360000 0.961227
8.370000 0.963936
8.380000 0.966549
8.390000 0.969066
8.400000 0.971485
8.410000 0.973808
8.420000 0.976033
8.430000 0.978160
8.440000 0.980190
8.450000 0.982121
8.460000 0.983955
8.470000 0.985690
8.480000 0.987326
8.490000 0.988864
8.500000 0.990302
8.510000 0.991642
8.520000 0.992883
8.530000 0.994024
8.540000 0.995066
8.550000 0.996008
8.560000 0.996851
8.570000 0.997594
8.580000 0.998238
8.590000 0.998781
8.600000 0.999225
8.610000 0.999568
8.620000 0.999812
8.630000 0.999956
8.640000 1.000000
8.650000 0.999944
8.660000 0.999787
8.670000 0.999531
8.680000 0.999175
8.690000 0.998719
8.700000 0.998163
8.710000 0.997507
8.720000 0.996752
8.730000 0.995897
8.740000 0.994942
8.750000 0.993888
8.760000 0.992734
8.770000 0.991481
8.780000 0.990129
8.790000 0.988678
8.800000 0.987128
8.810000 0.985480
8.820000 0.983732
8.830000 0.981887
8.840000 0.979943
8.850000 0.977901
8.860000 0.975762
8.870000 0.973525
8.880000 0.971190
8.890000 0.968759
8.900000 0.966230
8.910000 0.963605
8.920000 0.960884
8.930000 0.958066
8.940000 0.955153
8.950000 0.952144
8.960000 0.949040
8.970000 0.945841
8.980000 0.942548
8.990000 0.939160
9.000000 0.935678
9.010000 0.932103
9.020000 0.928434
9.030000 0.924673
9.040000 0.920819
9.050000 0.916873
9.060000 0.912836
9.070000 0.908707
9.080000 0.904487
9.090000 0.900177
9.100000 0.895777
9.110000 0.891287
9.120000 0.886708
9.130000 0.882041
9.140000 0.877285
9.150000 0.872442
9.160000 0.867511
9.170000 0.862493
9.180000 0.857390
9.190000 0.852200
9.200000 0.846926
9.210000 0.841566
9.220000 0.836123
9.230000 0.830595
9.240000 0.824985
9.250000 0.819293
9.260000 0.813518
9.270000 0.807662
9.280000 0.801725
9.290000 0.795708
9.300000 0.789612
9.310000 0.783436
9.320000 0.777183
9.330000 0.770851
9.340000 0.764442
9.350000 0.757957
9.360000 0.751397
9.370000 0.744761
9.380000 0.738050
9.390000 0.731266
9.400000 0.724409
9.410000 0.717479
9.420000 0.710477
9.430000 0.703405
9.440000 0.696262
9.450000 0.689049
9.460000 0.681768
9.470000 0.674418
9.480000 0.667001
9.490000 0.659517
9.500000 0.651967
9.510000 0.644352
9.520000 0.636673
9.530000 0.628930
9.540000 0.621124
9.550000 0.613256
9.560000 0.605327
9.570000 0.597337
9.580000 0.589287
9.590000 0.581178
9.600000 0.573012
9.610000 0.564788
9.620000 0.556507
9.630000 0.548171
9.640000 0.539780
9.650000 0.531335
9.660000 0.522837
9.670000 0.514287
9.680000 0.505685
9.690000 0.497033
9.700000 0.488331
9.710000 0.479580
9.720000 0.470781
9.730000 0.461935
9.740000 0.453043
9.750000 0.444106
9.760000 0.435124
9.770000 0.426099
9.780000 0.417031
9.790000 0.407921
9.800000 0.398771
9.810000 0.389581
9.820000 0.380351
9.830000 0.371084
9.840000 0.361780
9.850000 0.352439
9.860000 0.343063
9.870000 0.333653
9.880000 0.324210
9.890000 0.314734
9.900000 0.305226
9.910000 0.295688
9.920000 0.286121
9.930000 0.276525
9.940000 0.266901
9.950000 0.257251
9.960000 0.247575
9.970000 0.237874
9.980000 0.228149
9.990000 0.218401
10.000000 0.208632
